7.739635, -387.982086, 543.930969, -2.990553, 72.85972, -92.263107
7.793291, -388.53952, 542.211609, -3.055699, 73.058135, -92.327279
7.852631, -389.15036, 540.301636, -3.13047, 73.27838, -92.400961
9.353982, -402.654327, 487.374573, -6.779752, 79.305323, -96.022856
9.466961, -403.513062, 482.830566, -7.327672, 79.815656, -96.568599
9.592429, -404.437836, 477.63504, -8.032582, 80.397495, -97.271102
9.728702, -405.406067, 471.787872, -8.945304, 81.04975, -98.181131
9.845289, -406.202606, 466.589203, -9.88547, 81.627063, -99.119006
9.94364, -406.850098, 462.039978, -10.829074, 82.12989, -100.060547
10.051688, -407.533661, 456.841095, -12.07606, 82.701301, -101.305183
10.192347, -408.375275, 449.694183, -14.164949, 83.47955, -103.390979
10.288645, -408.915985, 444.498474, -16.039896, 84.038413, -105.263634
10.379687, -409.396729, 439.305267, -18.313335, 84.589082, -107.534839
10.465291, -409.817535, 434.115234, -21.11126, 85.128809, -110.330529
10.545277, -410.178497, 428.929077, -24.61186, 85.653466, -113.828952
10.619463, -410.479767, 423.747467, -29.068899, 86.15681, -118.283814
10.69577, -410.747467, 417.924408, -35.676707, 86.68542, -124.889158
10.757046, -410.922211, 412.7547, -43.503368, 87.104768, -132.713641
10.818379, -411.047882, 406.946777, -55.19503, 87.488478, -144.402897
10.86595, -411.09671, 401.792053, -68.405603, 87.714453, -157.611293
10.991091, -409.396393, 361.140259, -145.339396, 85.297201, 125.472142
10.991091, -409.396393, 361.140259, -145.339396, 85.297201, 125.472142
10.991091, -409.396393, 361.140259, -145.339396, 85.297201, 125.472142
10.991091, -409.396393, 361.140259, -145.339396, 85.297201, 125.472142
10.991091, -409.396393, 361.140259, -145.339396, 85.297201, 125.472142
10.991091, -409.396393, 361.140259, -145.339396, 85.297201, 125.472142
10.991091, -409.396393, 361.140259, -145.339396, 85.297201, 125.472142
10.991091, -409.396393, 361.140259, -145.339396, 85.297201, 125.472142
10.991091, -409.396393, 361.140259, -145.339396, 85.297201, 125.472142
10.991091, -409.396393, 361.140259, -145.339396, 85.297201, 125.472142
10.991091, -409.396393, 361.140259, -145.339396, 85.297201, 125.472142
10.991091, -409.396393, 361.140259, -145.339396, 85.297201, 125.472142
10.991091, -409.396393, 361.140259, -145.339396, 85.297201, 125.472142
10.991091, -409.396393, 361.140259, -145.339396, 85.297201, 125.472142
10.991091, -409.396393, 361.140259, -145.339396, 85.297201, 125.472142
10.991091, -409.396393, 361.140259, -145.339396, 85.297201, 125.472142
10.991091, -409.396393, 361.140259, -145.339396, 85.297201, 125.472142
10.991091, -409.396393, 361.140259, -145.339396, 85.297201, 125.472142
10.991091, -409.396393, 361.140259, -145.339396, 85.297201, 125.472142
10.991091, -409.396393, 361.140259, -145.339396, 85.297201, 125.472142
10.991091, -409.396393, 361.140259, -145.339396, 85.297201, 125.472142
10.991091, -409.396393, 361.140259, -145.339396, 85.297201, 125.472142
10.989663, -409.396362, 361.138824, -145.339454, 85.297201, 125.472142
10.979644, -409.396393, 361.128815, -145.339396, 85.297201, 125.472142
10.952456, -409.396393, 361.101624, -145.339396, 85.297201, 125.472142
10.899515, -409.396393, 361.048676, -145.339396, 85.297201, 125.472142
10.730731, -409.396393, 360.879913, -145.339396, 85.297201, 125.472142
10.004879, -409.396362, 360.154053, -145.339396, 85.297201, 125.472142
9.050949, -409.396362, 359.200134, -145.339454, 85.297201, 125.472142
8.145035, -409.396393, 358.29422, -145.339454, 85.297201, 125.472142
7.125561, -409.396393, 357.27475, -145.339454, 85.297201, 125.472142
6.332638, -409.396393, 356.481842, -145.339454, 85.297201, 125.472142
5.313165, -409.396393, 355.462372, -145.339454, 85.297201, 125.472142
4.406968, -409.396393, 354.556152, -145.339454, 85.297201, 125.472142
3.387495, -409.396393, 353.536682, -145.339454, 85.297201, 125.472142
2.481298, -409.396393, 352.630493, -145.339454, 85.297201, 125.472142
1.5751, -409.396393, 351.724304, -145.339454, 85.297201, 125.472142
0.555628, -409.396393, 350.704834, -145.339454, 85.297201, 125.472142
-0.350569, -409.396393, 349.798615, -145.339454, 85.297201, 125.472142
-1.256766, -409.396423, 348.892426, -145.339454, 85.297201, 125.472142
-2.162963, -409.396423, 347.986237, -145.339454, 85.297201, 125.472142
-3.068876, -409.396423, 347.080322, -145.339454, 85.297201, 125.472142
-4.022785, -409.396423, 346.126404, -145.339454, 85.297201, 125.472142
-4.699893, -409.396393, 345.44928, -145.339454, 85.297201, 125.472142
-4.955926, -409.396393, 345.193237, -145.339454, 85.297201, 125.472142
-5.008507, -409.396393, 345.140686, -145.339454, 85.297201, 125.472142
-5.020357, -409.396393, 345.128815, -145.339396, 85.297201, 125.472142
-5.187765, -409.396393, 344.961395, -145.339454, 85.297201, 125.472142
-5.646237, -409.396423, 344.50293, -145.339454, 85.297201, 125.472142
-6.398682, -409.396423, 343.750519, -145.339454, 85.297201, 125.472142
-7.401857, -409.396423, 342.747345, -145.339454, 85.297201, 125.472085
-8.19478, -409.396423, 341.954407, -145.339454, 85.297201, 125.472085
-9.327526, -409.396423, 340.821655, -145.339454, 85.297201, 125.472085
-10.233724, -409.396423, 339.915466, -145.339454, 85.297201, 125.472085
-11.253196, -409.396423, 338.895996, -145.339454, 85.297201, 125.472085
-12.046119, -409.396423, 338.103058, -145.339454, 85.297201, 125.472085
-12.839042, -409.396423, 337.31015, -145.339454, 85.297201, 125.472085
-14.085063, -409.396423, 336.064117, -145.339511, 85.297201, 125.472085
-14.991261, -409.396423, 335.157928, -145.339511, 85.297201, 125.472085
-15.897458, -409.396423, 334.25174, -145.339511, 85.297201, 125.472085
-16.803656, -409.396423, 333.34552, -145.339511, 85.297201, 125.472085
-17.823128, -409.396423, 332.32605, -145.339511, 85.297201, 125.472085
-18.8426, -409.396423, 331.30658, -145.339511, 85.297201, 125.472085
-19.724123, -409.396423, 330.425049, -145.339511, 85.297201, 125.472085
-20.371643, -409.396423, 329.777527, -145.339454, 85.297201, 125.472142
-20.863516, -409.396423, 329.285645, -145.339454, 85.297201, 125.472142
-20.997465, -409.396393, 329.151703, -145.339454, 85.297201, 125.472142
-21.010918, -409.396362, 329.140259, -145.339454, 85.297201, 125.472142
-21.083254, -409.396393, 329.140259, -145.339396, 85.297201, 125.472142
-21.442471, -409.396423, 329.140228, -145.339396, 85.297201, 125.472142
-22.529737, -409.396423, 329.140228, -145.339396, 85.297201, 125.472142
-23.737242, -409.396423, 329.140228, -145.339396, 85.297201, 125.472142
-25.174644, -409.396423, 329.140228, -145.339396, 85.297201, 125.472142
-26.452755, -409.396423, 329.140228, -145.339454, 85.297201, 125.472142
-27.730867, -409.396423, 329.140228, -145.339454, 85.297201, 125.472142
-29.168743, -409.396423, 329.140228, -145.339454, 85.297201, 125.472142
-30.446854, -409.396423, 329.140228, -145.339454, 85.297201, 125.472142
-31.724964, -409.396423, 329.140228, -145.339454, 85.297201, 125.472142
-32.843311, -409.396423, 329.140228, -145.339454, 85.297201, 125.472142
-34.596466, -409.396423, 329.140228, -145.339454, 85.297201, 125.472142
-35.488197, -409.396423, 329.140228, -145.339454, 85.297201, 125.472142
-36.499065, -409.396423, 329.140228, -145.339454, 85.297201, 125.472142
-36.970856, -409.396393, 329.140259, -145.339396, 85.297201, 125.472142
-37.008835, -409.396393, 329.140259, -145.339454, 85.297201, 125.472142
-37.008835, -409.396393, 329.140259, -145.339454, 85.297201, 125.472142
-37.046974, -409.396393, 329.140259, -145.339396, 85.297201, 125.472142
-37.313412, -409.396423, 329.140228, -145.339454, 85.297201, 125.472142
-38.017166, -409.396423, 329.140228, -145.339454, 85.297201, 125.472142
-39.112602, -409.396423, 329.140228, -145.339454, 85.297201, 125.472142
-40.375816, -409.396423, 329.140228, -145.339454, 85.297201, 125.472142
-41.653927, -409.396423, 329.140228, -145.339454, 85.297201, 125.472142
-42.932037, -409.396423, 329.140228, -145.339454, 85.297201, 125.472142
-44.210148, -409.396423, 329.140228, -145.339454, 85.297201, 125.472142
-45.807789, -409.396423, 329.140228, -145.339454, 85.297201, 125.472142
-47.085899, -409.396423, 329.140228, -145.339454, 85.297201, 125.472142
-48.523777, -409.396423, 329.140228, -145.339454, 85.297201, 125.472142
-49.801888, -409.396423, 329.140228, -145.339454, 85.297201, 125.472142
-51.347954, -409.396423, 329.140228, -145.339454, 85.297201, 125.472142
-52.114544, -409.396423, 329.140228, -145.339454, 85.297201, 125.472142
-52.804947, -409.396393, 329.140259, -145.339454, 85.297201, 125.472142
-52.999619, -409.396393, 329.140259, -145.339396, 85.297201, 125.472142
-53.008835, -409.396393, 329.140259, -145.339454, 85.297201, 125.472142
-53.008835, -409.396393, 329.140259, -145.339454, 85.297201, 125.472142
-53.008835, -409.396393, 329.140259, -145.339454, 85.297201, 125.472142
-53.008835, -409.396393, 329.140259, -145.339454, 85.297201, 125.472142
-53.008835, -409.396393, 329.140259, -145.339454, 85.297201, 125.472142
-53.046974, -409.396393, 329.140259, -145.339396, 85.297201, 125.472142
-53.51881, -409.396423, 329.140228, -145.339454, 85.297201, 125.472142
-54.529724, -409.396423, 329.140228, -145.339454, 85.297201, 125.472142
-55.737225, -409.396423, 329.140228, -145.339454, 85.297201, 125.472142
-57.174625, -409.396423, 329.140228, -145.339454, 85.297201, 125.472142
-58.612503, -409.396423, 329.140228, -145.339454, 85.297201, 125.472142
-59.571087, -409.396423, 329.140228, -145.339454, 85.297201, 125.472142
-61.008961, -409.396423, 329.140228, -145.339454, 85.297201, 125.472142
-61.967545, -409.396423, 329.140228, -145.339454, 85.297201, 125.472142
-63.245655, -409.396423, 329.140228, -145.339454, 85.297201, 125.472142
-65.003059, -409.396423, 329.140228, -145.339454, 85.297201, 125.472142
-66.439209, -409.396423, 329.140228, -145.339454, 85.297201, 125.472142
-67.624031, -409.396423, 329.140228, -145.339454, 85.297201, 125.472142
-68.499062, -409.396423, 329.140228, -145.339454, 85.297201, 125.472142
-68.909973, -409.396393, 329.140259, -145.339454, 85.297201, 125.472142
-68.999619, -409.396393, 329.140259, -145.339396, 85.297201, 125.472142
-69.008835, -409.396393, 329.140259, -145.339454, 85.297201, 125.472142
-69.008835, -409.396393, 329.140259, -145.339454, 85.297201, 125.472142
-69.008835, -409.396393, 329.140259, -145.339454, 85.297201, 125.472142
-69.008835, -409.396393, 329.140259, -145.339454, 85.297201, 125.472142
-69.008835, -409.396393, 329.140259, -145.339454, 85.297201, 125.472142
-69.313408, -409.396393, 329.140228, -145.339454, 85.297201, 125.472142
-69.796158, -409.396423, 329.140228, -145.339454, 85.297201, 125.472142
-70.393867, -409.396423, 329.140228, -145.339454, 85.297201, 125.472142
-71.112587, -409.396423, 329.140228, -145.339454, 85.297201, 125.472142
-72.695328, -409.396423, 329.140228, -145.339454, 85.297201, 125.472142
-74.292969, -409.396423, 329.140228, -145.339454, 85.297201, 125.472142
-75.571083, -409.396423, 329.140228, -145.339454, 85.297201, 125.472142
-77.008957, -409.396423, 329.140228, -145.339454, 85.297201, 125.472142
-78.446831, -409.396423, 329.140228, -145.339454, 85.297201, 125.472142
-79.405411, -409.396423, 329.140228, -145.339454, 85.297201, 125.472142
-80.363998, -409.396423, 329.140228, -145.339454, 85.297201, 125.472142
-81.642113, -409.396423, 329.140228, -145.339454, 85.297201, 125.472142
-83.624023, -409.396423, 329.140228, -145.339454, 85.297201, 125.472142
-84.499054, -409.396423, 329.140228, -145.339454, 85.297201, 125.472142
-84.95472, -409.396393, 329.140259, -145.339454, 85.297201, 125.472142
-85.006912, -409.396362, 329.140228, -145.339454, 85.297201, 125.472142
-85.008835, -409.396393, 329.140259, -145.339454, 85.297201, 125.472142
-85.008835, -409.396393, 329.140259, -145.339454, 85.297201, 125.472142
-85.008835, -409.396393, 329.140259, -145.339454, 85.297201, 125.472142
-85.008835, -409.396393, 329.140259, -145.339454, 85.297201, 125.472142
-85.008835, -409.396393, 329.140259, -145.339454, 85.297201, 125.472142
-85.008911, -409.434662, 329.140259, -145.339396, 85.297201, 125.472142
-85.008904, -409.832184, 329.140259, -145.339396, 85.297201, 125.472199
-85.008896, -410.656067, 329.140259, -145.339396, 85.297201, 125.472199
-85.008896, -411.818054, 329.140259, -145.339396, 85.297201, 125.472199
-85.008896, -413.254333, 329.140259, -145.339396, 85.297201, 125.472199
-85.008896, -414.534637, 329.140259, -145.339396, 85.297201, 125.472199
-85.008896, -415.814941, 329.140259, -145.339396, 85.297201, 125.472199
-85.008896, -417.25528, 329.140259, -145.339396, 85.297201, 125.472199
-85.008896, -418.535614, 329.140259, -145.339396, 85.297201, 125.472199
-85.008896, -420.135986, 329.140259, -145.339396, 85.297201, 125.472199
-85.008896, -421.096222, 329.140259, -145.339396, 85.297201, 125.472199
-85.008896, -422.376526, 329.140259, -145.339396, 85.297201, 125.472199
-85.008896, -423.976898, 329.140259, -145.339396, 85.297201, 125.472199
-85.008896, -425.577301, 329.140259, -145.339396, 85.297201, 125.472199
-85.008896, -426.857605, 329.140259, -145.339396, 85.297201, 125.472199
-85.008896, -428.137909, 329.140259, -145.339396, 85.297201, 125.472199
-85.008896, -429.418213, 329.140259, -145.339396, 85.297201, 125.472199
-85.008896, -430.698517, 329.140259, -145.339396, 85.297201, 125.472199
-85.008896, -431.974762, 329.140259, -145.339396, 85.297201, 125.472199
-85.008896, -433.00528, 329.140259, -145.339396, 85.297201, 125.472199
-85.008904, -434.029297, 329.140259, -145.339396, 85.297201, 125.472199
-85.008911, -434.370789, 329.140259, -145.339396, 85.297201, 125.472142
-85.008911, -434.396332, 329.140259, -145.339396, 85.297201, 125.472199
-85.008911, -434.434662, 329.140259, -145.339396, 85.297201, 125.472142
-85.008904, -434.763519, 329.140259, -145.339396, 85.297201, 125.472199
-85.008904, -435.529877, 329.140259, -145.339396, 85.297201, 125.472199
-85.008896, -436.66214, 329.140259, -145.339396, 85.297201, 125.472199
-85.008896, -437.774231, 329.140259, -145.339396, 85.297201, 125.472199
-85.008896, -439.214569, 329.140259, -145.339396, 85.297201, 125.472199
-85.008896, -440.334839, 329.140259, -145.339396, 85.297201, 125.472199
-85.008896, -442.095245, 329.140259, -145.339396, 85.297201, 125.472199
-85.008896, -443.215515, 329.140259, -145.339396, 85.297201, 125.472199
-85.008896, -444.655884, 329.140259, -145.339396, 85.297201, 125.472199
-85.008896, -445.776123, 329.140259, -145.339396, 85.297201, 125.472199
-85.008896, -447.53656, 329.140259, -145.339396, 85.297201, 125.472199
-85.008896, -448.816864, 329.140259, -145.339396, 85.297201, 125.472199
-85.008896, -449.937134, 329.140259, -145.339396, 85.297201, 125.472199
-85.008896, -451.377472, 329.140259, -145.339396, 85.297201, 125.472199
-85.008896, -452.977875, 329.140259, -145.339396, 85.297201, 125.472199
-85.008896, -453.778046, 329.140259, -145.339396, 85.297201, 125.472199
-85.008904, -455.218384, 329.140259, -145.339396, 85.297201, 125.472199
-85.008904, -456.498657, 329.140259, -145.339396, 85.297201, 125.472199
-85.008904, -457.728302, 329.140259, -145.339396, 85.297201, 125.472199
-85.008904, -458.960632, 329.140259, -145.339396, 85.297201, 125.472199
-85.008911, -459.321686, 329.140259, -145.339396, 85.297201, 125.472142
-85.008911, -459.396332, 329.140259, -145.339396, 85.297201, 125.472199
-85.00898, -459.422089, 329.140198, -145.339282, 85.297201, 125.472314
-85.008904, -459.64859, 329.140259, -145.339396, 85.297201, 125.472199
-85.008904, -460.187561, 329.140259, -145.339396, 85.297201, 125.472199
-85.008904, -461.209137, 329.140259, -145.339396, 85.297201, 125.472199
-85.008904, -462.614197, 329.140259, -145.339396, 85.297201, 125.472199
-85.008904, -464.054535, 329.140259, -145.339396, 85.297201, 125.472199
-85.008904, -465.494873, 329.140259, -145.339396, 85.297201, 125.472199
-85.008904, -466.935211, 329.140259, -145.339396, 85.297201, 125.472199
-85.008904, -468.055481, 329.140259, -145.339396, 85.297201, 125.472199
-85.008904, -469.655884, 329.140259, -145.339396, 85.297201, 125.472199
-85.008904, -470.616089, 329.140259, -145.339396, 85.297201, 125.472199
-85.008904, -471.736359, 329.140259, -145.339396, 85.297201, 125.472199
-85.008904, -473.976898, 329.140259, -145.339396, 85.297201, 125.472199
-85.008904, -474.7771, 329.140259, -145.339396, 85.297201, 125.472199
-85.008904, -475.577301, 329.140259, -145.339396, 85.297201, 125.472199
-85.008904, -477.497742, 329.140259, -145.339396, 85.297201, 125.472199
-85.008904, -478.778046, 329.140259, -145.339396, 85.297201, 125.472199
-85.008904, -480.218384, 329.140259, -145.339396, 85.297201, 125.472199
-85.008904, -481.498657, 329.140259, -145.339396, 85.297201, 125.472199
-85.008904, -482.728302, 329.140259, -145.339396, 85.297201, 125.472199
-85.008904, -483.705811, 329.140259, -145.339396, 85.297201, 125.472199
-85.008911, -484.267273, 329.140259, -145.339396, 85.297201, 125.472199
-85.008926, -484.394409, 329.140228, -145.339396, 85.297201, 125.472199
-85.008926, -484.401184, 329.140228, -145.339396, 85.297201, 125.472199
-85.008911, -484.49585, 329.140259, -145.339396, 85.297201, 125.472199
-85.008904, -484.993958, 329.140259, -145.339396, 85.297201, 125.472199
-85.008904, -485.787506, 329.140259, -145.339396, 85.297201, 125.472199
-85.008904, -487.454132, 329.140259, -145.339396, 85.297201, 125.472199
-85.008904, -488.734467, 329.140259, -145.339396, 85.297201, 125.472199
-85.008904, -490.174805, 329.140259, -145.339396, 85.297201, 125.472199
-85.008904, -491.455109, 329.140259, -145.339396, 85.297201, 125.472199
-85.008904, -492.415344, 329.140259, -145.339396, 85.297201, 125.472199
-85.008904, -494.175751, 329.140259, -145.339396, 85.297201, 125.472199
-85.008904, -495.616089, 329.140259, -145.339396, 85.297201, 125.472199
-85.008904, -496.576324, 329.140259, -145.339396, 85.297201, 125.472199
-85.008904, -497.696594, 329.140259, -145.339396, 85.297201, 125.472199
-85.008904, -499.457031, 329.140259, -145.339396, 85.297201, 125.472199
-85.008904, -500.897369, 329.140259, -145.339396, 85.297201, 125.472199
-85.008904, -502.177673, 329.140259, -145.339396, 85.297201, 125.472199
-85.008904, -503.618011, 329.140259, -145.339396, 85.297201, 125.472199
-85.008904, -504.898315, 329.140259, -145.339396, 85.297201, 125.472199
-85.008904, -506.178619, 329.140259, -145.339396, 85.297201, 125.472199
-85.008904, -506.974762, 329.140259, -145.339396, 85.297201, 125.472199
-85.008904, -508.49762, 329.140259, -145.339396, 85.297201, 125.472199
-85.008904, -509.144226, 329.140259, -145.339396, 85.297201, 125.472199
-85.008911, -509.341919, 329.140259, -145.339396, 85.297201, 125.472199
-85.008911, -509.397003, 329.140259, -145.339396, 85.297201, 125.472199
-85.008911, -509.49585, 329.140259, -145.339396, 85.297201, 125.472199
-85.008904, -509.908905, 329.140259, -145.339396, 85.297201, 125.472199
-85.008904, -511.064514, 329.140259, -145.339396, 85.297201, 125.472199
-85.008904, -511.818054, 329.140259, -145.339396, 85.297201, 125.472199
-85.008904, -512.934265, 329.140259, -145.339396, 85.297201, 125.472199
-85.008904, -514.534668, 329.140259, -145.339396, 85.297201, 125.472199
-85.008904, -515.494873, 329.140259, -145.339396, 85.297201, 125.472199
-85.008904, -517.25531, 329.140259, -145.339396, 85.297201, 125.472199
-85.008904, -518.535583, 329.140259, -145.339396, 85.297201, 125.472199
-85.008904, -519.975952, 329.140259, -145.339396, 85.297201, 125.472199
-85.008904, -521.256226, 329.140259, -145.339396, 85.297201, 125.472199
-85.008904, -522.856628, 329.140259, -145.339396, 85.297201, 125.472199
-85.008904, -523.656799, 329.140259, -145.339396, 85.297201, 125.472199
-85.008904, -525.257202, 329.140259, -145.339396, 85.297201, 125.472199
-85.008904, -526.857605, 329.140259, -145.339396, 85.297201, 125.472199
-85.008904, -527.977844, 329.140259, -145.339396, 85.297201, 125.472199
-85.008904, -528.93811, 329.140259, -145.339396, 85.297201, 125.472199
-85.008904, -530.378418, 329.140259, -145.339396, 85.297201, 125.472199
-85.008904, -531.658325, 329.140259, -145.339396, 85.297201, 125.472199
-85.008904, -533.262939, 329.140259, -145.339396, 85.297201, 125.472199
-85.008904, -534.029297, 329.140259, -145.339396, 85.297201, 125.472199
-85.008911, -534.341919, 329.140259, -145.339396, 85.297201, 125.472199
-85.008911, -534.396301, 329.140259, -145.339396, 85.297201, 125.472199
-85.008949, -534.434692, 329.140198, -145.339225, 85.297201, 125.472371
-85.008904, -534.832153, 329.140259, -145.339396, 85.297201, 125.472199
-85.008904, -535.529907, 329.140259, -145.339396, 85.297201, 125.472199
-85.008904, -536.357239, 329.140259, -145.339396, 85.297201, 125.472199
-85.008904, -537.614197, 329.140259, -145.339396, 85.297201, 125.472199
-85.008904, -539.054504, 329.140259, -145.339396, 85.297201, 125.472199
-85.008904, -540.814941, 329.140259, -145.339396, 85.297201, 125.472199
-85.008904, -541.935242, 329.140259, -145.339396, 85.297201, 125.472199
-85.008904, -543.215515, 329.140259, -145.339396, 85.297201, 125.472199
-85.008904, -544.815918, 329.140259, -145.339396, 85.297201, 125.472199
-85.008904, -546.736389, 329.140259, -145.339396, 85.297201, 125.472199
-85.008904, -547.856628, 329.140259, -145.339396, 85.297201, 125.472199
-85.008904, -548.656799, 329.140259, -145.339396, 85.297201, 125.472199
-85.008904, -549.617065, 329.140259, -145.339396, 85.297201, 125.472199
-85.008904, -550.897339, 329.140259, -145.339396, 85.297201, 125.472199
-85.008904, -552.177673, 329.140259, -145.339396, 85.297201, 125.472199
-85.008904, -554.098145, 329.140259, -145.339396, 85.297201, 125.472199
-85.008904, -555.378418, 329.140259, -145.339396, 85.297201, 125.472199
-85.008904, -556.817139, 329.140259, -145.339396, 85.297201, 125.472199
-85.008904, -558.00531, 329.140259, -145.339396, 85.297201, 125.472199
-85.008904, -558.705811, 329.140259, -145.339396, 85.297201, 125.472199
-85.008911, -559.296936, 329.140259, -145.339396, 85.297201, 125.472199
-85.008911, -559.394409, 329.140228, -145.339396, 85.297201, 125.472199
-85.008904, -561.064514, 329.140259, -145.339396, 85.297201, 125.472199
-85.008904, -562.294128, 329.140259, -145.339396, 85.297201, 125.472199
-85.008904, -563.574402, 329.140259, -145.339396, 85.297201, 125.472199
-85.008904, -565.174805, 329.140259, -145.339396, 85.297201, 125.472199
-85.008904, -566.295044, 329.140259, -145.339396, 85.297201, 125.472199
-85.008904, -567.735413, 329.140259, -145.339396, 85.297201, 125.472199
-85.008904, -569.015686, 329.140259, -145.339396, 85.297201, 125.472199
-85.008904, -570.456055, 329.140259, -145.339396, 85.297201, 125.472199
-85.008904, -571.896423, 329.140259, -145.339396, 85.297201, 125.472199
-85.008904, -573.016663, 329.140259, -145.339396, 85.297201, 125.472199
-85.008904, -574.296997, 329.140259, -145.339396, 85.297201, 125.472199
-85.008904, -575.577271, 329.140259, -145.339396, 85.297201, 125.472199
-85.008904, -577.017639, 329.140259, -145.339396, 85.297201, 125.472199
-85.008904, -578.137878, 329.140259, -145.339396, 85.297201, 125.472199
-85.008904, -579.898315, 329.140259, -145.339396, 85.297201, 125.472199
-85.008904, -581.338684, 329.140259, -145.339396, 85.297201, 125.472199
-85.008904, -582.583679, 329.140259, -145.339396, 85.297201, 125.472199
-85.008904, -583.605286, 329.140259, -145.339396, 85.297201, 125.472199
-85.008911, -584.191345, 329.140259, -145.339396, 85.297201, 125.472199
-85.008919, -584.380249, 329.140198, -145.339225, 85.297201, 125.472371
-85.006905, -584.396423, 329.140259, -145.339396, 85.297201, 125.472199
-84.95472, -584.396423, 329.140259, -145.339454, 85.297201, 125.472142
-84.575371, -584.396423, 329.140259, -145.339454, 85.297201, 125.472142
-83.75499, -584.396423, 329.140259, -145.339454, 85.297201, 125.472142
-82.59639, -584.396423, 329.140259, -145.339454, 85.297201, 125.472142
-81.002998, -584.396423, 329.140259, -145.339454, 85.297201, 125.472142
-79.884651, -584.396423, 329.140259, -145.339454, 85.297201, 125.472142
-78.28701, -584.396423, 329.140259, -145.339454, 85.297201, 125.472142
-77.008904, -584.396423, 329.140259, -145.339454, 85.297201, 125.472142
-75.571022, -584.396423, 329.140259, -145.339454, 85.297201, 125.472142
-74.292915, -584.396423, 329.140259, -145.339454, 85.297201, 125.472142
-73.014801, -584.396423, 329.140259, -145.339454, 85.297201, 125.472142
-71.8965, -584.396423, 329.140259, -145.339454, 85.297201, 125.472142
-70.669907, -584.396423, 329.140259, -145.339454, 85.297201, 125.472142
-69.603416, -584.396423, 329.140259, -145.339454, 85.297201, 125.472142
-69.083244, -584.396423, 329.140259, -145.339454, 85.297201, 125.472142
-69.008987, -584.396423, 329.140259, -145.339396, 85.297201, 125.472199
-68.992867, -584.396484, 329.140289, -145.339396, 85.297201, 125.472199
-68.804924, -584.396423, 329.140259, -145.339454, 85.297201, 125.472142
-68.000694, -584.396423, 329.140259, -145.339454, 85.297201, 125.472142
-66.905273, -584.396423, 329.140259, -145.339454, 85.297201, 125.472142
-65.642059, -584.396423, 329.140259, -145.339454, 85.297201, 125.472142
-63.724888, -584.396423, 329.140259, -145.339454, 85.297201, 125.472142
-63.085835, -584.396423, 329.140259, -145.339454, 85.297201, 125.472142
-61.488194, -584.396423, 329.140259, -145.339454, 85.297201, 125.472142
-60.369846, -584.396423, 329.140259, -145.339454, 85.297201, 125.472142
-59.091732, -584.396423, 329.140259, -145.339454, 85.297201, 125.472142
-57.973385, -584.396423, 329.140259, -145.339454, 85.297201, 125.472142
-56.215981, -584.396423, 329.140259, -145.339454, 85.297201, 125.472142
-54.814095, -584.396423, 329.140259, -145.339454, 85.297201, 125.472142
-53.696011, -584.396423, 329.140259, -145.339454, 85.297201, 125.472142
-53.172226, -584.396423, 329.140259, -145.339454, 85.297201, 125.472142
-53.018215, -584.396484, 329.140289, -145.339396, 85.297201, 125.472199
-53.008984, -584.396423, 329.140259, -145.339396, 85.297201, 125.472199
-53.008934, -584.450867, 329.140167, -145.33911, 85.297201, 125.472486
-53.008907, -584.763489, 329.140259, -145.339396, 85.297201, 125.472199
-53.008907, -585.529907, 329.140259, -145.339396, 85.297201, 125.472199
-53.008907, -586.66217, 329.140259, -145.339396, 85.297201, 125.472199
-53.008907, -588.414368, 329.140259, -145.339396, 85.297201, 125.472199
-53.008907, -589.534668, 329.140259, -145.339396, 85.297201, 125.472199
-53.008907, -590.814941, 329.140259, -145.339396, 85.297201, 125.472199
-53.008907, -592.25531, 329.140259, -145.339396, 85.297201, 125.472199
-53.008907, -593.535583, 329.140259, -145.339396, 85.297201, 125.472199
-53.008907, -594.815918, 329.140259, -145.339396, 85.297201, 125.472199
-53.008907, -596.576355, 329.140259, -145.339396, 85.297201, 125.472199
-53.008907, -597.53656, 329.140259, -145.339396, 85.297201, 125.472199
-53.008907, -598.816833, 329.140259, -145.339396, 85.297201, 125.472199
-53.008907, -600.097168, 329.140259, -145.339396, 85.297201, 125.472199
-53.008907, -601.857605, 329.140259, -145.339396, 85.297201, 125.472199
-53.008907, -603.137878, 329.140259, -145.339396, 85.297201, 125.472199
-53.008907, -604.258179, 329.140259, -145.339396, 85.297201, 125.472199
-53.008907, -605.698486, 329.140259, -145.339396, 85.297201, 125.472199
-53.008907, -606.974731, 329.140259, -145.339396, 85.297201, 125.472199
-53.008907, -608.136719, 329.140259, -145.339396, 85.297201, 125.472199
-53.008907, -608.960632, 329.140259, -145.339396, 85.297201, 125.472199
-53.008907, -609.321655, 329.140259, -145.339396, 85.297201, 125.472199
-53.008911, -609.395813, 329.140228, -145.339396, 85.297201, 125.472199
-53.034405, -609.396423, 329.140259, -145.339396, 85.297201, 125.472142
-53.259796, -609.396423, 329.140259, -145.339396, 85.297201, 125.472199
-54.137112, -609.396423, 329.140228, -145.339396, 85.297201, 125.472199
-55.265903, -609.396423, 329.140228, -145.339396, 85.297201, 125.472199
-56.535522, -609.396423, 329.140228, -145.339396, 85.297201, 125.472199
-57.813633, -609.396423, 329.140228, -145.339396, 85.297201, 125.472199
-59.251511, -609.396423, 329.140228, -145.339396, 85.297201, 125.472199
-60.529621, -609.396423, 329.140228, -145.339396, 85.297201, 125.472199
-62.127262, -609.396423, 329.140228, -145.339396, 85.297201, 125.472199
-63.085846, -609.396423, 329.140228, -145.339396, 85.297201, 125.472199
-64.36396, -609.396423, 329.140228, -145.339396, 85.297201, 125.472199
-65.642067, -609.396423, 329.140228, -145.339396, 85.297201, 125.472199
-67.05603, -609.396423, 329.140228, -145.339396, 85.297201, 125.472199
-68.321808, -609.396423, 329.140228, -145.339396, 85.297201, 125.472199
-68.880455, -609.396423, 329.140259, -145.339396, 85.297201, 125.472199
-68.992851, -609.396423, 329.140259, -145.339396, 85.297201, 125.472142
-69.008911, -609.396973, 329.140259, -145.339396, 85.297201, 125.472199
-69.008911, -609.60144, 329.140259, -145.339396, 85.297201, 125.472199
-69.008904, -610.187561, 329.140259, -145.339396, 85.297201, 125.472199
-69.008904, -611.209106, 329.140259, -145.339396, 85.297201, 125.472199
-69.008904, -612.134521, 329.140259, -145.339396, 85.297201, 125.472199
-69.008904, -613.734436, 329.140259, -145.339396, 85.297201, 125.472199
-69.008904, -614.854736, 329.140259, -145.339396, 85.297201, 125.472199
-69.008904, -616.295044, 329.140259, -145.339396, 85.297201, 125.472199
-69.008904, -617.575378, 329.140259, -145.339396, 85.297201, 125.472199
-69.008904, -619.015686, 329.140259, -145.339396, 85.297201, 125.472199
-69.008904, -620.296021, 329.140259, -145.339396, 85.297201, 125.472199
-69.008904, -621.896423, 329.140259, -145.339396, 85.297201, 125.472199
-69.008904, -623.016663, 329.140259, -145.339396, 85.297201, 125.472199
-69.008904, -624.457031, 329.140259, -145.339396, 85.297201, 125.472199
-69.008904, -625.737305, 329.140259, -145.339396, 85.297201, 125.472199
-69.008904, -626.857605, 329.140259, -145.339396, 85.297201, 125.472199
-69.008904, -627.977844, 329.140259, -145.339396, 85.297201, 125.472199
-69.008904, -629.418213, 329.140259, -145.339396, 85.297201, 125.472199
-69.008904, -631.338684, 329.140259, -145.339396, 85.297201, 125.472199
-69.008904, -632.435547, 329.140259, -145.339396, 85.297201, 125.472199
-69.008904, -633.605286, 329.140259, -145.339396, 85.297201, 125.472199
-69.008911, -634.191345, 329.140259, -145.339396, 85.297201, 125.472199
-69.008911, -634.358154, 329.140259, -145.339396, 85.297201, 125.472199
-69.008911, -634.396301, 329.140259, -145.339396, 85.297201, 125.472199
-69.008904, -634.434631, 329.140167, -145.339167, 85.297201, 125.472429
-69.008911, -634.702454, 329.140259, -145.339396, 85.297201, 125.472199
-69.008904, -635.529907, 329.140259, -145.339396, 85.297201, 125.472199
-69.008904, -636.818054, 329.140259, -145.339396, 85.297201, 125.472199
-69.008904, -637.934265, 329.140259, -145.339396, 85.297201, 125.472199
-69.008904, -639.694702, 329.140259, -145.339396, 85.297201, 125.472199
-69.008904, -640.814941, 329.140259, -145.339396, 85.297201, 125.472199
-69.008904, -642.25531, 329.140259, -145.339396, 85.297201, 125.472199
-69.008904, -643.535583, 329.140259, -145.339396, 85.297201, 125.472199
-69.008904, -644.815918, 329.140259, -145.339396, 85.297201, 125.472199
-69.008904, -646.256226, 329.140259, -145.339396, 85.297201, 125.472199
-69.008904, -647.376526, 329.140259, -145.339396, 85.297201, 125.472199
-69.008904, -648.816833, 329.140259, -145.339396, 85.297201, 125.472199
-69.008904, -650.097168, 329.140259, -145.339396, 85.297201, 125.472199
-69.008904, -651.697571, 329.140259, -145.339396, 85.297201, 125.472199
-69.008904, -652.977844, 329.140259, -145.339396, 85.297201, 125.472199
-69.008904, -654.578247, 329.140259, -145.339396, 85.297201, 125.472199
-69.008904, -655.378418, 329.140259, -145.339396, 85.297201, 125.472199
-69.008904, -656.974731, 329.140259, -145.339396, 85.297201, 125.472199
-69.008904, -658.00531, 329.140259, -145.339396, 85.297201, 125.472199
-69.008911, -658.960632, 329.140259, -145.339396, 85.297201, 125.472199
-69.008911, -659.296936, 329.140259, -145.339396, 85.297201, 125.472199
-69.008904, -659.395813, 329.140228, -145.339396, 85.297201, 125.472199
-68.997452, -659.396423, 329.151703, -145.339339, 85.297201, 125.472257
-68.791862, -659.396423, 329.3573, -145.339396, 85.297201, 125.472199
-68.290634, -659.396423, 329.858521, -145.339396, 85.297201, 125.472199
-67.512123, -659.396423, 330.637024, -145.339396, 85.297201, 125.472199
-66.616005, -659.396423, 331.533173, -145.339396, 85.297201, 125.472199
-65.596535, -659.396423, 332.552643, -145.339396, 85.297201, 125.472199
-64.690331, -659.396423, 333.458832, -145.339396, 85.297201, 125.472199
-63.444313, -659.396423, 334.704865, -145.339396, 85.297201, 125.472199
-62.764664, -659.396423, 335.384491, -145.339396, 85.297201, 125.472199
-61.858467, -659.396423, 336.29071, -145.339396, 85.297201, 125.472199
-60.952267, -659.396423, 337.196899, -145.339396, 85.297201, 125.472199
-60.04607, -659.396423, 338.103088, -145.339396, 85.297201, 125.472199
-59.026596, -659.396423, 339.122559, -145.339396, 85.297201, 125.472199
-58.120399, -659.396423, 340.028778, -145.339396, 85.297201, 125.472199
-56.987652, -659.396423, 341.161499, -145.339396, 85.297201, 125.472199
-55.741631, -659.396423, 342.407532, -145.339396, 85.297201, 125.472199
-54.724953, -659.396423, 343.424225, -145.339396, 85.297201, 125.472199
-54.191288, -659.396423, 343.957886, -145.339396, 85.297201, 125.472199
-53.569912, -659.396423, 344.579254, -145.339396, 85.297201, 125.472199
-53.154312, -659.396423, 344.994843, -145.339396, 85.297201, 125.472142
-53.020336, -659.396423, 345.128815, -145.339282, 85.297201, 125.472257
-53.008907, -659.396973, 345.140259, -145.339396, 85.297201, 125.472199
-53.008907, -659.47113, 345.140259, -145.339396, 85.297201, 125.472199
-53.008907, -660.187561, 345.140259, -145.339396, 85.297201, 125.472199
-53.008907, -660.923828, 345.140259, -145.339396, 85.297201, 125.472199
-53.008907, -662.454163, 345.140259, -145.339396, 85.297201, 125.472199
-53.008907, -664.054504, 345.140259, -145.339396, 85.297201, 125.472199
-53.008907, -665.174805, 345.140259, -145.339396, 85.297201, 125.472199
-53.008907, -666.295044, 345.140259, -145.339396, 85.297201, 125.472199
-53.008907, -667.415344, 345.140259, -145.339396, 85.297201, 125.472199
-53.008907, -668.695618, 345.140259, -145.339396, 85.297201, 125.472199
-53.008907, -670.135986, 345.140259, -145.339396, 85.297201, 125.472199
-53.008907, -671.576294, 345.140259, -145.339396, 85.297201, 125.472199
-53.008907, -673.176697, 345.140259, -145.339396, 85.297201, 125.472199
-53.008907, -674.136963, 345.140259, -145.339396, 85.297201, 125.472199
-53.008907, -675.577271, 345.140259, -145.339396, 85.297201, 125.472199
-53.008907, -676.697571, 345.140259, -145.339396, 85.297201, 125.472199
-53.008907, -678.778076, 345.140259, -145.339396, 85.297201, 125.472199
-53.008907, -679.898315, 345.140259, -145.339396, 85.297201, 125.472199
-53.008907, -681.018555, 345.140259, -145.339396, 85.297201, 125.472199
-53.008907, -682.130676, 345.140259, -145.339396, 85.297201, 125.472199
-53.008907, -683.383362, 345.140259, -145.339396, 85.297201, 125.472199
-53.008907, -684.029297, 345.140259, -145.339396, 85.297201, 125.472199
-53.008907, -684.341919, 345.140259, -145.339396, 85.297201, 125.472199
-53.008911, -684.396423, 345.139648, -145.339454, 85.297201, 125.472142
-53.008911, -684.396423, 345.065918, -145.339454, 85.297201, 125.472142
-53.008911, -684.396423, 344.630371, -145.339454, 85.297201, 125.472142
-53.008911, -684.396423, 344.012054, -145.339454, 85.297201, 125.472142
-53.008915, -684.396423, 342.092926, -145.339454, 85.297201, 125.472142
-53.008915, -684.396423, 341.134338, -145.339454, 85.297201, 125.472142
-53.008915, -684.396423, 339.856232, -145.339454, 85.297201, 125.472142
-53.008915, -684.396423, 338.897644, -145.339454, 85.297201, 125.472142
-53.008915, -684.396423, 337.459778, -145.339454, 85.297201, 125.472142
-53.008915, -684.396423, 335.702362, -145.339454, 85.297201, 125.472142
-53.008915, -684.396423, 334.424255, -145.339454, 85.297201, 125.472142
-53.008915, -684.396423, 333.146149, -145.339454, 85.297201, 125.472142
-53.008915, -684.396423, 331.552765, -145.339454, 85.297201, 125.472142
-53.008911, -684.396423, 330.394165, -145.339454, 85.297201, 125.472142
-53.008911, -684.396423, 329.650116, -145.339454, 85.297201, 125.472142
-53.008911, -684.396423, 329.268707, -145.339454, 85.297201, 125.472142
-53.00893, -684.396423, 329.14502, -145.339454, 85.297201, 125.472142
-53.008888, -684.396362, 329.149536, -145.339396, 85.297201, 125.472199
-53.008907, -684.396423, 329.268707, -145.339396, 85.297201, 125.472199
-53.008907, -684.396423, 329.734772, -145.339396, 85.297201, 125.472199
-53.008904, -684.396423, 330.945435, -145.339396, 85.297201, 125.472199
-53.008904, -684.396423, 332.187561, -145.339396, 85.297201, 125.472199
-53.008904, -684.396423, 333.465668, -145.339396, 85.297201, 125.472199
-53.008904, -684.396423, 335.063324, -145.339396, 85.297201, 125.472199
-53.008904, -684.396423, 336.341431, -145.339396, 85.297201, 125.472199
-53.008904, -684.396423, 337.779297, -145.339396, 85.297201, 125.472199
-53.008904, -684.396423, 338.897644, -145.339396, 85.297201, 125.472199
-53.008904, -684.396423, 340.015991, -145.339396, 85.297201, 125.472199
-53.008904, -684.396423, 341.294098, -145.339396, 85.297201, 125.472199
-53.008904, -684.396423, 342.727753, -145.339396, 85.297201, 125.472199
-53.008907, -684.396423, 344.353027, -145.339396, 85.297201, 125.472199
-53.008907, -684.396423, 344.936279, -145.339396, 85.297201, 125.472199
-53.008865, -684.396362, 345.124146, -145.339339, 85.297201, 125.472257
-53.008907, -684.396973, 345.140259, -145.339396, 85.297201, 125.472199
-53.008907, -684.450867, 345.140259, -145.339396, 85.297201, 125.472199
-53.008907, -684.763489, 345.140259, -145.339396, 85.297201, 125.472199
-53.008907, -685.656067, 345.140259, -145.339396, 85.297201, 125.472199
-53.008907, -686.66217, 345.140259, -145.339396, 85.297201, 125.472199
-53.008907, -687.934265, 345.140259, -145.339396, 85.297201, 125.472199
-53.008907, -689.214539, 345.140259, -145.339396, 85.297201, 125.472199
-53.008907, -690.814941, 345.140259, -145.339396, 85.297201, 125.472199
-53.008907, -692.095276, 345.140259, -145.339396, 85.297201, 125.472199
-53.008907, -693.535583, 345.140259, -145.339396, 85.297201, 125.472199
-53.008907, -694.815918, 345.140259, -145.339396, 85.297201, 125.472199
-53.008907, -696.096191, 345.140259, -145.339396, 85.297201, 125.472199
-53.008907, -697.376526, 345.140259, -145.339396, 85.297201, 125.472199
-53.008907, -699.296997, 345.140259, -145.339396, 85.297201, 125.472199
-53.008907, -700.417236, 345.140259, -145.339396, 85.297201, 125.472199
-53.008907, -701.377441, 345.140259, -145.339396, 85.297201, 125.472199
-53.008907, -702.657776, 345.140259, -145.339396, 85.297201, 125.472199
-53.008907, -703.93811, 345.140259, -145.339396, 85.297201, 125.472199
-53.008907, -705.218384, 345.140259, -145.339396, 85.297201, 125.472199
-53.008907, -707.130676, 345.140259, -145.339396, 85.297201, 125.472199
-53.008907, -708.262939, 345.140259, -145.339396, 85.297201, 125.472199
-53.008907, -709.029297, 345.140259, -145.339396, 85.297201, 125.472199
-53.008907, -709.321655, 345.140259, -145.339396, 85.297201, 125.472199
-53.0089, -709.394348, 345.140228, -145.339339, 85.297201, 125.472257
-53.008896, -709.405701, 345.140228, -145.339282, 85.297201, 125.472257
-53.008907, -709.60144, 345.140259, -145.339396, 85.297201, 125.472199
-53.008907, -710.187561, 345.140259, -145.339396, 85.297201, 125.472199
-53.008907, -711.357239, 345.140259, -145.339396, 85.297201, 125.472199
-53.008907, -712.614197, 345.140259, -145.339396, 85.297201, 125.472199
-53.008907, -714.054504, 345.140259, -145.339396, 85.297201, 125.472199
-53.008907, -715.494873, 345.140259, -145.339396, 85.297201, 125.472199
-53.008907, -716.615112, 345.140259, -145.339396, 85.297201, 125.472199
-53.008907, -718.055481, 345.140259, -145.339396, 85.297201, 125.472199
-53.008907, -719.335754, 345.140259, -145.339396, 85.297201, 125.472199
-53.008904, -720.616089, 345.140259, -145.339396, 85.297201, 125.472199
-53.008904, -721.896423, 345.140259, -145.339396, 85.297201, 125.472199
-53.008904, -723.176697, 345.140259, -145.339396, 85.297201, 125.472199
-53.008904, -724.617065, 345.140259, -145.339396, 85.297201, 125.472199
-53.008904, -726.057373, 345.140259, -145.339396, 85.297201, 125.472199
-53.008904, -727.177673, 345.140259, -145.339396, 85.297201, 125.472199
-53.008904, -728.778015, 345.140259, -145.339396, 85.297201, 125.472199
-53.008904, -730.05835, 345.140259, -145.339396, 85.297201, 125.472199
-53.008904, -731.498657, 345.140259, -145.339396, 85.297201, 125.472199
-53.008904, -732.435547, 345.140259, -145.339396, 85.297201, 125.472199
-53.008907, -733.798828, 345.140259, -145.339396, 85.297201, 125.472199
-53.008907, -734.267273, 345.140259, -145.339396, 85.297201, 125.472199
-53.008888, -734.391602, 345.140228, -145.339282, 85.297201, 125.472314
-53.008923, -734.396423, 345.130981, -145.339454, 85.297201, 125.472142
-53.008911, -734.396423, 345.01181, -145.339454, 85.297201, 125.472142
-53.008911, -734.396423, 344.453156, -145.339454, 85.297201, 125.472142
-53.008911, -734.396423, 343.619476, -145.339454, 85.297201, 125.472142
-53.008911, -734.396423, 342.252655, -145.339454, 85.297201, 125.472142
-53.008911, -734.396423, 341.134369, -145.339454, 85.297201, 125.472142
-53.008911, -734.396423, 339.536713, -145.339454, 85.297201, 125.472142
-53.008911, -734.396423, 337.939087, -145.339454, 85.297201, 125.472142
-53.008911, -734.396423, 336.66095, -145.339454, 85.297201, 125.472142
-53.008911, -734.396423, 335.382843, -145.339454, 85.297201, 125.472142
-53.008911, -734.396423, 334.104736, -145.339454, 85.297201, 125.472142
-53.008911, -734.396423, 332.82663, -145.339454, 85.297201, 125.472142
-53.008911, -734.396423, 331.552765, -145.339454, 85.297201, 125.472142
-53.008911, -734.396423, 330.268463, -145.339454, 85.297201, 125.472142
-53.008911, -734.396423, 329.573792, -145.339454, 85.297201, 125.472142
-53.008911, -734.396423, 329.2146, -145.339454, 85.297201, 125.472142
-53.008904, -734.396423, 340.33551, -145.339396, 85.297201, 125.472199
-53.008904, -734.396423, 340.814819, -145.339396, 85.297201, 125.472199
-53.008904, -734.396423, 341.453857, -145.339396, 85.297201, 125.472199
-53.008904, -734.396423, 341.933167, -145.339396, 85.297201, 125.472199
-53.008904, -734.396423, 342.411987, -145.339396, 85.297201, 125.472199
-53.008904, -734.396423, 343.187347, -145.339396, 85.297201, 125.472199
-53.008907, -734.396423, 344.453125, -145.339396, 85.297201, 125.472199
-53.008907, -734.396423, 344.976929, -145.339396, 85.297201, 125.472199
-53.008888, -734.396362, 345.13092, -145.339339, 85.297201, 125.472199
-53.008904, -734.398438, 345.140228, -145.339396, 85.297201, 125.472199
-53.008907, -734.64856, 345.140259, -145.339396, 85.297201, 125.472199
-53.008907, -735.529907, 345.140259, -145.339396, 85.297201, 125.472199
-53.008904, -736.064514, 345.140259, -145.339396, 85.297201, 125.472199
-53.008904, -737.13446, 345.140259, -145.339396, 85.297201, 125.472199
-53.008904, -738.89447, 345.140259, -145.339396, 85.297201, 125.472199
-53.008904, -740.014771, 345.140259, -145.339396, 85.297201, 125.472199
-53.008904, -741.295044, 345.140259, -145.339396, 85.297201, 125.472199
-53.008904, -742.415344, 345.140259, -145.339396, 85.297201, 125.472199
-53.008904, -743.695618, 345.140259, -145.339396, 85.297201, 125.472199
-53.008904, -745.296021, 345.140259, -145.339396, 85.297201, 125.472199
-53.008904, -747.056458, 345.140259, -145.339396, 85.297201, 125.472199
-53.008907, -759.396484, 345.140259, -145.339396, 85.297201, 125.472199
-53.0089, -759.398438, 345.140228, -145.339396, 85.297201, 125.472199
-53.021576, -758.483459, 345.020325, -145.500168, 85.290612, 125.312115
-53.021553, -758.483337, 345.021973, -145.499137, 85.290727, 125.313146
-53.020145, -758.473511, 345.125061, -145.434565, 85.296399, 125.37749
-53.01408, -758.431274, 345.568695, -145.154847, 85.320921, 125.656233
-52.958126, -758.040527, 349.547821, -142.510245, 85.535781, 128.292412
-52.870987, -757.428894, 355.390991, -138.146255, 85.832057, 132.644084
-52.630886, -755.728027, 369.791565, -124.562056, 86.432058, 146.197859
-52.514206, -754.895264, 376.105042, -117.263204, 86.617181, 153.483304
-52.414154, -754.17865, 381.239899, -110.79686, 86.723579, 159.938762
-52.354954, -753.753662, 384.171387, -106.939421, 86.764832, 163.790012
-52.34779, -753.702148, 384.521179, -106.472919, 86.768728, 164.25577
-52.34779, -753.702148, 384.521179, -106.472919, 86.768728, 164.25577
-52.34779, -753.702148, 384.521179, -106.472919, 86.768728, 164.25577
-52.34779, -753.702148, 384.521179, -106.472919, 86.768728, 164.25577
-52.34779, -753.702148, 384.521179, -106.472919, 86.768728, 164.25577
-52.34779, -753.702148, 384.521179, -106.472919, 86.768728, 164.25577
-52.34779, -753.702148, 384.521179, -106.472919, 86.768728, 164.25577
-52.34779, -753.702148, 384.521179, -106.472919, 86.768728, 164.25577
-52.34779, -753.702148, 384.521179, -106.472919, 86.768728, 164.25577
-52.34779, -753.702148, 384.521179, -106.472919, 86.768728, 164.25577
-52.34779, -753.702148, 384.521179, -106.472919, 86.768728, 164.25577
-52.34779, -753.702148, 384.521179, -106.472919, 86.768728, 164.25577
-52.34779, -753.702148, 384.521179, -106.472919, 86.768728, 164.25577
-52.34779, -753.702148, 384.521179, -106.472919, 86.768728, 164.25577
-52.34779, -753.702148, 384.521179, -106.472919, 86.768728, 164.25577
-52.34779, -753.702148, 384.521179, -106.472919, 86.768728, 164.25577
-52.34779, -753.702148, 384.521179, -106.472919, 86.768728, 164.25577
-52.34779, -753.702148, 384.521179, -106.472919, 86.768728, 164.25577
-52.34779, -753.702148, 384.521179, -106.472919, 86.768728, 164.25577
-52.34779, -753.702148, 384.521179, -106.472919, 86.768728, 164.25577
-52.34779, -753.702148, 384.521179, -106.472919, 86.768728, 164.25577
-52.34779, -753.702148, 384.521179, -106.472919, 86.768728, 164.25577
-52.34779, -753.702148, 384.521179, -106.472919, 86.768728, 164.25577
-52.34779, -753.702148, 384.521179, -106.472919, 86.768728, 164.25577
-52.34779, -753.702148, 384.521179, -106.472919, 86.768728, 164.25577
-52.34779, -753.702148, 384.521179, -106.472919, 86.768728, 164.25577
-52.34779, -753.702148, 384.521179, -106.472919, 86.768728, 164.25577
-52.34779, -753.702148, 384.521179, -106.472919, 86.768728, 164.25577
-52.34779, -753.702148, 384.521179, -106.472919, 86.768728, 164.25577
-52.34779, -753.702148, 384.521179, -106.472919, 86.768728, 164.25577
-52.34779, -753.702148, 384.521179, -106.472919, 86.768728, 164.25577
-52.34779, -753.702148, 384.521179, -106.472919, 86.768728, 164.25577
-52.34779, -753.702148, 384.521179, -106.472919, 86.768728, 164.25577
-52.34779, -753.702148, 384.521179, -106.472919, 86.768728, 164.25577
-52.34779, -753.702148, 384.521179, -106.472919, 86.768728, 164.25577
-52.34779, -753.702148, 384.521179, -106.472919, 86.768728, 164.25577
-52.34779, -753.702148, 384.521179, -106.472919, 86.768728, 164.25577
-52.34779, -753.702148, 384.521179, -106.472919, 86.768728, 164.25577
-52.34779, -753.702148, 384.521179, -106.472919, 86.768728, 164.25577
-52.34779, -753.702148, 384.521179, -106.472919, 86.768728, 164.25577
-52.34779, -753.702148, 384.521179, -106.472919, 86.768728, 164.25577
-52.34779, -753.702148, 384.521179, -106.472919, 86.768728, 164.25577
-52.34779, -753.702148, 384.521179, -106.472919, 86.768728, 164.25577
-52.34779, -753.702148, 384.521179, -106.472919, 86.768728, 164.25577
-52.34779, -753.702148, 384.521179, -106.472919, 86.768728, 164.25577
-52.34779, -753.702148, 384.521179, -106.472919, 86.768728, 164.25577
-52.34779, -753.702148, 384.521179, -106.472919, 86.768728, 164.25577
-52.34779, -753.702148, 384.521179, -106.472919, 86.768728, 164.25577
-52.34779, -753.702148, 384.521179, -106.472919, 86.768728, 164.25577
-52.34779, -753.702148, 384.521179, -106.472919, 86.768728, 164.25577
-52.34779, -753.702148, 384.521179, -106.472919, 86.768728, 164.25577
-52.34779, -753.702148, 384.521179, -106.472919, 86.768728, 164.25577
-52.34779, -753.702148, 384.521179, -106.472919, 86.768728, 164.25577
-52.34779, -753.702148, 384.521179, -106.472919, 86.768728, 164.25577
-52.34779, -753.702148, 384.521179, -106.472919, 86.768728, 164.25577
-52.34779, -753.702148, 384.521179, -106.472919, 86.768728, 164.25577
-52.34779, -753.702148, 384.521179, -106.472919, 86.768728, 164.25577
-52.34779, -753.702148, 384.521179, -106.472919, 86.768728, 164.25577
-52.34779, -753.702148, 384.521179, -106.472919, 86.768728, 164.25577
-52.34779, -753.702148, 384.521179, -106.472919, 86.768728, 164.25577
-52.34779, -753.702148, 384.521179, -106.472919, 86.768728, 164.25577
-52.34779, -753.702148, 384.521179, -106.472919, 86.768728, 164.25577
