11.468434, -420.495453, 400.474426, -88.890678, 87.801943, -178.065886
11.465477, -420.324219, 399.774323, -90.68415, 87.794896, -179.859588
11.460966, -420.079834, 398.781616, -93.204993, 87.781202, 177.619323
11.114749, -411.409698, 367.53653, -141.269906, 85.864372, 129.544096
11.060814, -410.503082, 364.623688, -143.255893, 85.609406, 127.557078
11.012977, -409.736694, 362.203217, -144.734238, 85.393229, 126.077759
10.991114, -409.396759, 361.141357, -145.338823, 85.297316, 125.472772
10.991091, -409.396393, 361.140259, -145.339396, 85.297201, 125.472142
10.991091, -409.396393, 361.140259, -145.339396, 85.297201, 125.472142
10.991091, -409.396393, 361.140259, -145.339396, 85.297201, 125.472142
10.991091, -409.396393, 361.140259, -145.339396, 85.297201, 125.472142
10.991091, -409.396393, 361.140259, -145.339396, 85.297201, 125.472142
10.991091, -409.396393, 361.140259, -145.339396, 85.297201, 125.472142
10.991091, -409.396393, 361.140259, -145.339396, 85.297201, 125.472142
10.991091, -409.396393, 361.140259, -145.339396, 85.297201, 125.472142
10.991091, -409.396393, 361.140259, -145.339396, 85.297201, 125.472142
10.991091, -409.396393, 361.140259, -145.339396, 85.297201, 125.472142
10.991091, -409.396393, 361.140259, -145.339396, 85.297201, 125.472142
10.991091, -409.396393, 361.140259, -145.339396, 85.297201, 125.472142
10.991091, -409.396393, 361.140259, -145.339396, 85.297201, 125.472142
10.991091, -409.396393, 361.140259, -145.339396, 85.297201, 125.472142
10.987704, -409.396332, 361.136841, -145.339454, 85.297201, 125.472142
10.963957, -409.396393, 361.113129, -145.339396, 85.297201, 125.472142
10.899515, -409.396393, 361.048676, -145.339396, 85.297201, 125.472142
10.730731, -409.396393, 360.879913, -145.339396, 85.297201, 125.472142
10.430052, -409.396393, 360.579224, -145.339396, 85.297201, 125.472142
9.80866, -409.396362, 359.957855, -145.339396, 85.297201, 125.472142
9.163406, -409.396362, 359.312592, -145.339454, 85.297201, 125.472142
8.598134, -409.396393, 358.747314, -145.339454, 85.297201, 125.472142
7.691935, -409.396393, 357.841125, -145.339454, 85.297201, 125.472142
6.785737, -409.396393, 356.934937, -145.339454, 85.297201, 125.472142
5.879539, -409.396393, 356.028748, -145.339454, 85.297201, 125.472142
4.973341, -409.396393, 355.122528, -145.339454, 85.297201, 125.472142
3.953869, -409.396393, 354.103058, -145.339454, 85.297201, 125.472142
3.047671, -409.396393, 353.196869, -145.339454, 85.297201, 125.472142
2.254748, -409.396393, 352.403931, -145.339454, 85.297201, 125.472142
1.235276, -409.396393, 351.38446, -145.339454, 85.297201, 125.472142
0.329079, -409.396393, 350.478271, -145.339454, 85.297201, 125.472142
-0.803667, -409.396393, 349.34552, -145.339454, 85.297201, 125.472142
-1.709864, -409.396423, 348.439331, -145.339454, 85.297201, 125.472142
-2.616062, -409.396423, 347.533142, -145.339454, 85.297201, 125.472142
-3.61923, -409.396423, 346.529968, -145.339454, 85.297201, 125.472142
-4.371649, -409.396423, 345.777527, -145.339454, 85.297201, 125.472142
-4.938387, -409.396393, 345.210785, -145.339454, 85.297201, 125.472142
-4.997466, -409.396393, 345.151703, -145.339454, 85.297201, 125.472142
-5.008984, -409.396393, 345.140259, -145.339396, 85.297201, 125.472142
-5.083257, -409.396393, 345.140259, -145.339396, 85.297201, 125.472142
-5.518829, -409.396423, 345.140228, -145.339396, 85.297201, 125.472142
-6.262901, -409.396423, 345.140228, -145.339396, 85.297201, 125.472142
-7.421513, -409.396423, 345.140228, -145.339454, 85.297201, 125.472142
-8.855142, -409.396423, 345.140228, -145.339454, 85.297201, 125.472142
-10.452781, -409.396423, 345.140228, -145.339454, 85.297201, 125.472142
-11.730891, -409.396423, 345.140228, -145.339454, 85.297201, 125.472142
-13.32853, -409.396423, 345.140228, -145.339454, 85.297201, 125.472142
-14.287113, -409.396423, 345.140228, -145.339454, 85.297201, 125.472142
-15.40546, -409.396423, 345.140228, -145.339454, 85.297201, 125.472142
-17.162863, -409.396423, 345.140228, -145.339454, 85.297201, 125.472142
-18.596487, -409.396423, 345.140228, -145.339454, 85.297201, 125.472142
-19.755064, -409.396423, 345.140228, -145.339454, 85.297201, 125.472142
-20.575417, -409.396423, 345.140228, -145.339454, 85.297201, 125.472142
-20.934586, -409.396393, 345.140259, -145.339454, 85.297201, 125.472142
-21.008835, -409.396393, 345.140259, -145.339454, 85.297201, 125.472142
-21.008835, -409.396393, 345.140259, -145.339454, 85.297201, 125.472142
-21.024969, -409.396393, 345.140259, -145.339396, 85.297201, 125.472142
-21.172245, -409.396393, 345.140259, -145.339454, 85.297201, 125.472142
-22.017179, -409.396423, 345.140228, -145.339454, 85.297201, 125.472142
-22.81418, -409.396423, 345.140228, -145.339454, 85.297201, 125.472142
-24.375835, -409.396423, 345.140228, -145.339454, 85.297201, 125.472142
-25.653946, -409.396423, 345.140228, -145.339454, 85.297201, 125.472142
-27.091822, -409.396423, 345.140228, -145.339454, 85.297201, 125.472142
-28.689459, -409.396423, 345.140228, -145.339454, 85.297201, 125.472142
-29.967571, -409.396423, 345.140228, -145.339454, 85.297201, 125.472142
-31.085917, -409.396423, 345.140228, -145.339454, 85.297201, 125.472142
-32.364029, -409.396423, 345.140228, -145.339454, 85.297201, 125.472142
-33.801903, -409.396423, 345.140228, -145.339454, 85.297201, 125.472142
-35.056091, -409.396423, 345.140228, -145.339454, 85.297201, 125.472142
-36.221737, -409.396423, 345.140228, -145.339454, 85.297201, 125.472142
-36.804951, -409.396423, 345.140259, -145.339454, 85.297201, 125.472142
-36.992855, -409.396393, 345.140259, -145.339396, 85.297201, 125.472142
-37.008839, -409.396393, 345.140259, -145.339454, 85.297201, 125.472142
-37.008839, -409.396393, 345.140259, -145.339454, 85.297201, 125.472142
-37.008839, -409.396393, 345.140259, -145.339454, 85.297201, 125.472142
-37.008839, -409.396393, 345.140259, -145.339454, 85.297201, 125.472142
-37.008839, -409.396393, 345.140259, -145.339454, 85.297201, 125.472142
-37.024967, -409.396393, 345.140259, -145.339396, 85.297201, 125.472142
-37.212906, -409.396393, 345.140259, -145.339454, 85.297201, 125.472142
-37.696056, -409.396423, 345.140228, -145.339454, 85.297201, 125.472142
-39.265965, -409.396423, 345.140228, -145.339454, 85.297201, 125.472142
-40.535587, -409.396423, 345.140228, -145.339454, 85.297201, 125.472142
-41.813698, -409.396423, 345.140228, -145.339454, 85.297201, 125.472142
-43.091808, -409.396423, 345.140228, -145.339454, 85.297201, 125.472142
-44.369919, -409.396423, 345.140228, -145.339454, 85.297201, 125.472142
-45.488266, -409.396423, 345.140228, -145.339454, 85.297201, 125.472142
-46.766376, -409.396423, 345.140228, -145.339454, 85.297201, 125.472142
-48.20425, -409.396423, 345.140228, -145.339454, 85.297201, 125.472142
-49.642128, -409.396423, 345.140228, -145.339454, 85.297201, 125.472142
-51.05608, -409.396423, 345.140228, -145.339454, 85.297201, 125.472142
-52.000744, -409.396423, 345.140228, -145.339454, 85.297201, 125.472142
-52.758041, -409.396423, 345.140259, -145.339454, 85.297201, 125.472142
-52.983418, -409.396393, 345.140259, -145.339454, 85.297201, 125.472142
-53.008839, -409.396393, 345.140259, -145.339454, 85.297201, 125.472142
-53.008839, -409.396393, 345.140259, -145.339454, 85.297201, 125.472142
-53.008839, -409.396393, 345.140259, -145.339454, 85.297201, 125.472142
-53.008839, -409.396393, 345.140259, -145.339454, 85.297201, 125.472142
-53.008839, -409.396393, 345.140259, -145.339454, 85.297201, 125.472142
-53.008907, -409.434662, 345.140259, -145.339396, 85.297201, 125.472142
-53.0089, -409.763519, 345.140259, -145.339454, 85.297201, 125.472142
-53.008892, -410.409454, 345.140259, -145.339454, 85.297201, 125.472142
-53.008884, -411.66214, 345.140259, -145.339454, 85.297201, 125.472142
-53.008884, -412.934265, 345.140259, -145.339454, 85.297201, 125.472142
-53.008884, -414.214569, 345.140259, -145.339454, 85.297201, 125.472142
-53.008884, -415.814941, 345.140259, -145.339454, 85.297201, 125.472142
-53.008888, -416.935211, 345.140259, -145.339454, 85.297201, 125.472142
-53.008888, -418.215515, 345.140259, -145.339454, 85.297201, 125.472142
-53.008888, -419.495819, 345.140259, -145.339454, 85.297201, 125.472142
-53.008888, -420.776123, 345.140259, -145.339454, 85.297201, 125.472142
-53.008888, -422.856628, 345.140259, -145.339454, 85.297201, 125.472142
-53.008888, -423.496796, 345.140259, -145.339454, 85.297201, 125.472142
-53.008888, -425.097168, 345.140259, -145.339454, 85.297201, 125.472142
-53.008892, -426.69754, 345.140259, -145.339454, 85.297201, 125.472142
-53.008892, -428.137909, 345.140259, -145.339454, 85.297201, 125.472142
-53.008892, -429.578247, 345.140259, -145.339454, 85.297201, 125.472142
-53.008892, -430.538483, 345.140259, -145.339454, 85.297201, 125.472142
-53.008892, -431.498657, 345.140259, -145.339454, 85.297201, 125.472142
-53.008896, -432.868988, 345.140259, -145.339454, 85.297201, 125.472142
-53.008904, -434.029297, 345.140259, -145.339454, 85.297201, 125.472142
-53.008907, -434.296936, 345.140259, -145.339454, 85.297201, 125.472142
-53.008915, -434.396332, 345.140259, -145.339396, 85.297201, 125.472199
-53.008907, -434.422028, 345.140259, -145.339396, 85.297201, 125.472142
-53.008904, -434.64859, 345.140259, -145.339454, 85.297201, 125.472142
-53.0089, -435.295166, 345.140259, -145.339454, 85.297201, 125.472142
-53.008896, -436.209137, 345.140259, -145.339454, 85.297201, 125.472142
-53.008892, -437.774231, 345.140259, -145.339454, 85.297201, 125.472142
-53.008896, -438.894501, 345.140259, -145.339454, 85.297201, 125.472142
-53.008896, -440.494873, 345.140259, -145.339454, 85.297201, 125.472142
-53.008896, -441.775177, 345.140259, -145.339454, 85.297201, 125.472142
-53.008896, -443.055481, 345.140259, -145.339454, 85.297201, 125.472142
-53.008896, -444.335785, 345.140259, -145.339454, 85.297201, 125.472142
-53.008896, -445.616089, 345.140259, -145.339454, 85.297201, 125.472142
-53.008896, -447.056458, 345.140259, -145.339454, 85.297201, 125.472142
-53.008896, -448.176697, 345.140259, -145.339454, 85.297201, 125.472142
-53.008896, -449.457031, 345.140259, -145.339454, 85.297201, 125.472142
-53.008896, -451.057404, 345.140259, -145.339454, 85.297201, 125.472142
-53.008896, -452.337708, 345.140259, -145.339454, 85.297201, 125.472142
-53.008896, -453.778046, 345.140259, -145.339454, 85.297201, 125.472142
-53.0089, -455.05835, 345.140259, -145.339454, 85.297201, 125.472142
-53.0089, -456.338654, 345.140259, -145.339454, 85.297201, 125.472142
-53.0089, -457.435577, 345.140259, -145.339454, 85.297201, 125.472142
-53.008904, -458.705811, 345.140259, -145.339454, 85.297201, 125.472142
-53.008907, -459.232239, 345.140259, -145.339396, 85.297201, 125.472142
-53.008923, -459.395813, 345.140259, -145.339396, 85.297201, 125.472199
-53.008938, -459.401215, 345.140228, -145.339396, 85.297201, 125.472199
-53.008907, -459.49585, 345.140259, -145.339396, 85.297201, 125.472142
-53.008904, -459.908905, 345.140259, -145.339454, 85.297201, 125.472142
-53.0089, -461.357239, 345.140259, -145.339454, 85.297201, 125.472142
-53.0089, -462.614197, 345.140259, -145.339454, 85.297201, 125.472142
-53.0089, -463.894501, 345.140259, -145.339454, 85.297201, 125.472142
-53.0089, -465.174805, 345.140259, -145.339454, 85.297201, 125.472142
-53.0089, -466.295074, 345.140259, -145.339454, 85.297201, 125.472142
-53.0089, -467.575378, 345.140259, -145.339454, 85.297201, 125.472142
-53.0089, -468.855682, 345.140259, -145.339454, 85.297201, 125.472142
-53.0089, -470.135986, 345.140259, -145.339454, 85.297201, 125.472142
-53.0089, -471.736359, 345.140259, -145.339454, 85.297201, 125.472142
-53.0089, -473.016663, 345.140259, -145.339454, 85.297201, 125.472142
-53.0089, -474.457031, 345.140259, -145.339396, 85.297201, 125.472142
-53.0089, -475.577301, 345.140259, -145.339396, 85.297201, 125.472142
-53.0089, -477.017639, 345.140259, -145.339396, 85.297201, 125.472142
-53.0089, -478.297943, 345.140259, -145.339396, 85.297201, 125.472142
-53.0089, -480.05835, 345.140259, -145.339396, 85.297201, 125.472142
-53.0089, -481.018585, 345.140259, -145.339396, 85.297201, 125.472142
-53.008904, -482.284424, 345.140259, -145.339396, 85.297201, 125.472199
-53.008904, -483.705811, 345.140259, -145.339396, 85.297201, 125.472142
-53.008907, -484.191376, 345.140259, -145.339396, 85.297201, 125.472142
-53.008907, -484.358154, 345.140259, -145.339396, 85.297201, 125.472142
-53.008911, -484.397003, 345.140259, -145.339396, 85.297201, 125.472199
-53.008907, -484.525513, 345.140259, -145.339396, 85.297201, 125.472142
-53.008904, -485.087006, 345.140259, -145.339396, 85.297201, 125.472142
-53.008904, -486.064514, 345.140259, -145.339396, 85.297201, 125.472199
-53.008904, -486.818054, 345.140259, -145.339396, 85.297201, 125.472199
-53.008904, -488.254333, 345.140259, -145.339396, 85.297201, 125.472199
-53.008904, -489.854706, 345.140259, -145.339396, 85.297201, 125.472199
-53.008904, -490.974976, 345.140259, -145.339396, 85.297201, 125.472199
-53.008904, -492.575378, 345.140259, -145.339396, 85.297201, 125.472199
-53.008904, -493.855682, 345.140259, -145.339396, 85.297201, 125.472199
-53.008904, -495.296021, 345.140259, -145.339396, 85.297201, 125.472199
-53.008904, -496.41629, 345.140259, -145.339396, 85.297201, 125.472199
-53.008904, -497.53656, 345.140259, -145.339396, 85.297201, 125.472199
-53.008904, -498.816864, 345.140259, -145.339396, 85.297201, 125.472199
-53.008904, -500.737335, 345.140259, -145.339396, 85.297201, 125.472199
-53.008904, -501.69754, 345.140259, -145.339396, 85.297201, 125.472199
-53.008904, -502.81781, 345.140259, -145.339396, 85.297201, 125.472199
-53.008904, -504.738281, 345.140259, -145.339396, 85.297201, 125.472199
-53.008904, -505.538483, 345.140259, -145.339396, 85.297201, 125.472199
-53.008904, -507.284424, 345.140259, -145.339396, 85.297201, 125.472199
-53.008904, -508.49762, 345.140259, -145.339396, 85.297201, 125.472199
-53.008907, -509.144226, 345.140259, -145.339396, 85.297201, 125.472199
-53.008968, -509.38028, 345.140198, -145.339282, 85.297201, 125.472314
-53.008911, -509.396332, 345.140259, -145.339396, 85.297201, 125.472199
-53.008968, -509.422058, 345.140198, -145.339282, 85.297201, 125.472314
-53.008907, -509.64859, 345.140259, -145.339396, 85.297201, 125.472199
-53.008907, -510.295166, 345.140259, -145.339396, 85.297201, 125.472199
-53.008904, -511.818054, 345.140259, -145.339396, 85.297201, 125.472199
-53.008904, -513.094299, 345.140259, -145.339396, 85.297201, 125.472199
-53.008904, -514.374634, 345.140259, -145.339396, 85.297201, 125.472199
-53.008904, -515.814941, 345.140259, -145.339396, 85.297201, 125.472199
-53.008904, -516.935242, 345.140259, -145.339396, 85.297201, 125.472199
-53.008904, -518.215515, 345.140259, -145.339396, 85.297201, 125.472199
-53.008904, -519.49585, 345.140259, -145.339396, 85.297201, 125.472199
-53.008904, -520.936157, 345.140259, -145.339396, 85.297201, 125.472199
-53.008904, -522.376526, 345.140259, -145.339396, 85.297201, 125.472199
-53.008904, -523.816895, 345.140259, -145.339396, 85.297201, 125.472199
-53.008904, -524.937134, 345.140259, -145.339396, 85.297201, 125.472199
-53.008904, -526.217468, 345.140259, -145.339396, 85.297201, 125.472199
-53.008904, -527.977844, 345.140259, -145.339396, 85.297201, 125.472199
-53.008904, -529.258179, 345.140259, -145.339396, 85.297201, 125.472199
-53.008904, -530.698486, 345.140259, -145.339396, 85.297201, 125.472199
-53.008904, -531.658325, 345.140259, -145.339396, 85.297201, 125.472199
-53.008907, -532.869019, 345.140259, -145.339396, 85.297201, 125.472199
-53.008907, -533.798828, 345.140259, -145.339396, 85.297201, 125.472199
-53.008907, -534.321655, 345.140259, -145.339396, 85.297201, 125.472199
-53.008911, -534.396301, 345.140259, -145.339396, 85.297201, 125.472199
-53.008953, -534.422058, 345.140198, -145.339282, 85.297201, 125.472314
-53.008907, -534.702454, 345.140259, -145.339396, 85.297201, 125.472199
-53.008907, -535.409424, 345.140259, -145.339396, 85.297201, 125.472199
-53.008904, -536.66217, 345.140259, -145.339396, 85.297201, 125.472199
-53.008904, -537.454163, 345.140259, -145.339396, 85.297201, 125.472199
-53.008904, -539.054504, 345.140259, -145.339396, 85.297201, 125.472199
-53.008904, -540.334839, 345.140259, -145.339396, 85.297201, 125.472199
-53.008904, -541.775208, 345.140259, -145.339396, 85.297201, 125.472199
-53.008907, -543.055481, 345.140259, -145.339396, 85.297201, 125.472199
-53.008907, -544.335815, 345.140259, -145.339396, 85.297201, 125.472199
-53.008907, -546.256226, 345.140259, -145.339396, 85.297201, 125.472199
-53.008907, -547.216492, 345.140259, -145.339396, 85.297201, 125.472199
-53.008907, -548.016663, 345.140259, -145.339396, 85.297201, 125.472199
-53.008907, -550.257202, 345.140259, -145.339396, 85.297201, 125.472199
-53.008907, -551.217468, 345.140259, -145.339396, 85.297201, 125.472199
-53.008907, -552.177673, 345.140259, -145.339396, 85.297201, 125.472199
-53.008907, -553.778076, 345.140259, -145.339396, 85.297201, 125.472199
-53.008907, -555.218384, 345.140259, -145.339396, 85.297201, 125.472199
-53.008907, -556.658325, 345.140259, -145.339396, 85.297201, 125.472199
-53.008907, -557.728333, 345.140259, -145.339396, 85.297201, 125.472199
-53.008907, -558.798828, 345.140259, -145.339396, 85.297201, 125.472199
-53.008907, -559.232239, 345.140259, -145.339396, 85.297201, 125.472199
-53.008926, -559.391602, 345.140228, -145.339339, 85.297201, 125.472257
-53.008919, -559.401184, 345.140228, -145.339396, 85.297201, 125.472199
-53.008907, -559.49585, 345.140259, -145.339396, 85.297201, 125.472199
-53.008907, -559.908936, 345.140259, -145.339396, 85.297201, 125.472199
-53.008907, -560.787537, 345.140259, -145.339396, 85.297201, 125.472199
-53.008907, -562.134521, 345.140259, -145.339396, 85.297201, 125.472199
-53.008907, -563.89447, 345.140259, -145.339396, 85.297201, 125.472199
-53.008907, -565.014771, 345.140259, -145.339396, 85.297201, 125.472199
-53.008907, -566.295044, 345.140259, -145.339396, 85.297201, 125.472199
-53.008907, -567.415344, 345.140259, -145.339396, 85.297201, 125.472199
-53.008907, -568.855652, 345.140259, -145.339396, 85.297201, 125.472199
-53.008907, -570.135986, 345.140259, -145.339396, 85.297201, 125.472199
-53.008907, -571.576355, 345.140259, -145.339396, 85.297201, 125.472199
-53.008907, -572.696594, 345.140259, -145.339396, 85.297201, 125.472199
-53.008907, -574.136963, 345.140259, -145.339396, 85.297201, 125.472199
-53.008907, -575.417236, 345.140259, -145.339396, 85.297201, 125.472199
-53.008907, -576.857605, 345.140259, -145.339396, 85.297201, 125.472199
-53.008907, -578.297913, 345.140259, -145.339396, 85.297201, 125.472199
-53.008907, -579.578247, 345.140259, -145.339396, 85.297201, 125.472199
-53.008907, -581.018616, 345.140259, -145.339396, 85.297201, 125.472199
-53.008907, -582.284424, 345.140259, -145.339396, 85.297201, 125.472199
-53.008907, -583.262939, 345.140259, -145.339396, 85.297201, 125.472199
-53.008907, -584.029297, 345.140259, -145.339396, 85.297201, 125.472199
-53.008949, -584.358154, 345.140167, -145.33911, 85.297201, 125.472486
-53.008911, -584.396973, 345.140259, -145.339396, 85.297201, 125.472199
-53.008907, -584.47113, 345.140259, -145.339396, 85.297201, 125.472199
-53.008907, -584.832153, 345.140259, -145.339396, 85.297201, 125.472199
-53.008907, -585.656067, 345.140259, -145.339396, 85.297201, 125.472199
-53.008907, -586.818054, 345.140259, -145.339396, 85.297201, 125.472199
-53.008907, -588.254333, 345.140259, -145.339396, 85.297201, 125.472199
-53.008907, -589.854736, 345.140259, -145.339396, 85.297201, 125.472199
-53.008907, -590.814941, 345.140259, -145.339396, 85.297201, 125.472199
-53.008907, -592.095276, 345.140259, -145.339396, 85.297201, 125.472199
-53.008907, -593.375549, 345.140259, -145.339396, 85.297201, 125.472199
-53.008907, -594.815918, 345.140259, -145.339396, 85.297201, 125.472199
-53.008907, -596.096191, 345.140259, -145.339396, 85.297201, 125.472199
-53.008907, -597.696594, 345.140259, -145.339396, 85.297201, 125.472199
-53.008907, -598.816833, 345.140259, -145.339396, 85.297201, 125.472199
-53.008907, -600.417236, 345.140259, -145.339396, 85.297201, 125.472199
-53.008907, -601.537537, 345.140259, -145.339396, 85.297201, 125.472199
-53.008907, -602.977844, 345.140259, -145.339396, 85.297201, 125.472199
-53.008907, -604.258179, 345.140259, -145.339396, 85.297201, 125.472199
-53.008907, -605.538452, 345.140259, -145.339396, 85.297201, 125.472199
-53.008907, -606.817139, 345.140259, -145.339396, 85.297201, 125.472199
-53.008907, -608.00531, 345.140259, -145.339396, 85.297201, 125.472199
-53.008907, -608.883911, 345.140259, -145.339396, 85.297201, 125.472199
-53.008907, -609.321655, 345.140259, -145.339396, 85.297201, 125.472199
-53.008911, -609.396301, 345.140259, -145.339396, 85.297201, 125.472199
-53.008926, -609.434631, 345.140198, -145.339167, 85.297201, 125.472429
-53.008907, -609.832153, 345.140259, -145.339396, 85.297201, 125.472199
-53.008907, -610.295166, 345.140259, -145.339396, 85.297201, 125.472199
-53.008907, -611.66217, 345.140259, -145.339396, 85.297201, 125.472199
-53.008907, -612.934265, 345.140259, -145.339396, 85.297201, 125.472199
-53.008907, -614.214539, 345.140259, -145.339396, 85.297201, 125.472199
-53.008907, -615.334839, 345.140259, -145.339396, 85.297201, 125.472199
-53.008907, -616.935242, 345.140259, -145.339396, 85.297201, 125.472199
-53.008907, -618.375549, 345.140259, -145.339396, 85.297201, 125.472199
-53.008907, -619.335815, 345.140259, -145.339396, 85.297201, 125.472199
-53.008907, -621.256226, 345.140259, -145.339396, 85.297201, 125.472199
-53.008907, -622.53656, 345.140259, -145.339396, 85.297201, 125.472199
-53.008907, -623.656799, 345.140259, -145.339396, 85.297201, 125.472199
-53.008907, -625.097168, 345.140259, -145.339396, 85.297201, 125.472199
-53.008907, -626.377502, 345.140259, -145.339396, 85.297201, 125.472199
-53.008907, -627.657776, 345.140259, -145.339396, 85.297201, 125.472199
-53.008907, -628.778076, 345.140259, -145.339396, 85.297201, 125.472199
-53.008907, -630.05835, 345.140259, -145.339396, 85.297201, 125.472199
-53.008907, -631.498657, 345.140259, -145.339396, 85.297201, 125.472199
-53.008907, -632.728333, 345.140259, -145.339396, 85.297201, 125.472199
-53.008907, -633.798828, 345.140259, -145.339396, 85.297201, 125.472199
-53.008907, -634.267273, 345.140259, -145.339396, 85.297201, 125.472199
-53.008911, -634.395813, 345.140228, -145.339396, 85.297201, 125.472199
-53.008911, -634.412537, 345.140228, -145.339282, 85.297201, 125.472314
-53.008907, -634.908936, 345.140259, -145.339396, 85.297201, 125.472199
-53.008907, -635.529907, 345.140259, -145.339396, 85.297201, 125.472199
-53.008907, -636.508423, 345.140259, -145.339396, 85.297201, 125.472199
-53.008907, -637.454163, 345.140259, -145.339396, 85.297201, 125.472199
-53.008907, -639.534668, 345.140259, -145.339396, 85.297201, 125.472199
-53.008907, -640.974976, 345.140259, -145.339396, 85.297201, 125.472199
-53.008907, -641.775146, 345.140259, -145.339396, 85.297201, 125.472199
-53.008907, -642.735413, 345.140259, -145.339396, 85.297201, 125.472199
-53.008907, -644.17572, 345.140259, -145.339396, 85.297201, 125.472199
-53.008907, -645.936157, 345.140259, -145.339396, 85.297201, 125.472199
-53.008907, -647.216492, 345.140259, -145.339396, 85.297201, 125.472199
-53.008907, -648.176697, 345.140259, -145.339396, 85.297201, 125.472199
-53.008907, -649.617065, 345.140259, -145.339396, 85.297201, 125.472199
-53.008907, -650.897339, 345.140259, -145.339396, 85.297201, 125.472199
-53.008907, -652.017639, 345.140259, -145.339396, 85.297201, 125.472199
-53.008907, -653.93811, 345.140259, -145.339396, 85.297201, 125.472199
-53.008907, -654.898315, 345.140259, -145.339396, 85.297201, 125.472199
-53.008907, -656.338684, 345.140259, -145.339396, 85.297201, 125.472199
-53.008907, -657.728333, 345.140259, -145.339396, 85.297201, 125.472199
-53.008907, -658.49762, 345.140259, -145.339396, 85.297201, 125.472199
-53.008907, -659.267273, 345.140259, -145.339396, 85.297201, 125.472199
-53.008907, -659.394409, 345.140228, -145.339339, 85.297201, 125.472199
-53.008907, -659.405762, 345.140228, -145.339339, 85.297201, 125.472257
-53.008907, -659.49585, 345.140259, -145.339396, 85.297201, 125.472199
-53.008907, -660.295166, 345.140259, -145.339396, 85.297201, 125.472199
-53.008907, -661.508423, 345.140259, -145.339396, 85.297201, 125.472199
-53.008907, -662.614197, 345.140259, -145.339396, 85.297201, 125.472199
-53.008907, -663.414368, 345.140259, -145.339396, 85.297201, 125.472199
-53.008907, -664.694702, 345.140259, -145.339396, 85.297201, 125.472199
-53.008907, -666.615112, 345.140259, -145.339396, 85.297201, 125.472199
-53.008907, -667.895447, 345.140259, -145.339396, 85.297201, 125.472199
-53.008907, -668.855652, 345.140259, -145.339396, 85.297201, 125.472199
-53.008907, -670.135986, 345.140259, -145.339396, 85.297201, 125.472199
-53.008907, -671.736389, 345.140259, -145.339396, 85.297201, 125.472199
-53.008907, -672.856628, 345.140259, -145.339396, 85.297201, 125.472199
-53.008907, -674.136963, 345.140259, -145.339396, 85.297201, 125.472199
-53.008907, -675.417236, 345.140259, -145.339396, 85.297201, 125.472199
-53.008907, -677.017639, 345.140259, -145.339396, 85.297201, 125.472199
-53.008907, -678.617981, 345.140259, -145.339396, 85.297201, 125.472199
-53.008907, -679.898315, 345.140259, -145.339396, 85.297201, 125.472199
-53.008907, -681.338684, 345.140259, -145.339396, 85.297201, 125.472199
-53.008907, -682.130676, 345.140259, -145.339396, 85.297201, 125.472199
-53.008907, -683.605286, 345.140259, -145.339396, 85.297201, 125.472199
-53.008907, -684.144226, 345.140259, -145.339396, 85.297201, 125.472199
-53.008907, -684.358154, 345.140259, -145.339396, 85.297201, 125.472199
-53.008907, -684.396301, 345.140259, -145.339396, 85.297201, 125.472199
-52.880455, -684.396423, 345.140259, -145.339454, 85.297201, 125.472142
-52.499035, -684.396423, 345.140259, -145.339454, 85.297201, 125.472142
-51.623989, -684.396423, 345.140259, -145.339454, 85.297201, 125.472142
-50.280651, -684.396423, 345.140259, -145.339454, 85.297201, 125.472142
-49.00301, -684.396423, 345.140259, -145.339454, 85.297201, 125.472142
-47.405369, -684.396423, 345.140259, -145.339454, 85.297201, 125.472142
-46.287022, -684.396423, 345.140259, -145.339454, 85.297201, 125.472142
-45.328438, -684.396423, 345.140259, -145.339454, 85.297201, 125.472142
-43.890564, -684.396423, 345.140259, -145.339454, 85.297201, 125.472142
-42.292923, -684.396423, 345.140259, -145.339454, 85.297201, 125.472142
-41.334339, -684.396423, 345.140259, -145.339454, 85.297201, 125.472142
-39.737171, -684.396423, 345.140259, -145.339454, 85.297201, 125.472142
-38.814106, -684.396423, 345.140259, -145.339454, 85.297201, 125.472142
-37.518784, -684.396423, 345.140259, -145.339454, 85.297201, 125.472142
-37.107853, -684.396423, 345.140259, -145.339454, 85.297201, 125.472142
-37.009506, -684.396423, 345.140259, -145.339396, 85.297201, 125.472199
-37.008888, -684.396362, 345.149536, -145.339396, 85.297201, 125.472199
-37.008907, -684.396423, 345.505463, -145.339396, 85.297201, 125.472199
-37.008907, -684.396423, 346.148468, -145.339396, 85.297201, 125.472199
-37.008907, -684.396423, 346.80127, -145.339396, 85.297201, 125.472199
-37.008904, -684.396423, 348.187561, -145.339396, 85.297201, 125.472199
-37.008904, -684.396423, 349.785217, -145.339396, 85.297201, 125.472199
-37.008904, -684.396423, 351.223083, -145.339396, 85.297201, 125.472199
-37.008904, -684.396423, 352.341431, -145.339396, 85.297201, 125.472199
-37.008904, -684.396423, 353.779297, -145.339396, 85.297201, 125.472199
-37.008904, -684.396423, 354.897644, -145.339396, 85.297201, 125.472199
-37.008904, -684.396423, 356.015991, -145.339396, 85.297201, 125.472199
-37.008904, -684.396423, 357.453888, -145.339396, 85.297201, 125.472199
-37.008904, -684.396423, 358.88327, -145.339396, 85.297201, 125.472199
-37.008907, -684.396423, 360.13205, -145.339396, 85.297201, 125.472199
-37.008907, -684.396423, 360.706726, -145.339396, 85.297201, 125.472199
-37.008846, -684.396362, 361.102112, -145.339282, 85.297201, 125.472314
-37.008907, -684.396973, 361.140259, -145.339396, 85.297201, 125.472199
-37.008907, -684.47113, 361.140259, -145.339396, 85.297201, 125.472199
-37.008907, -684.763489, 361.140259, -145.339396, 85.297201, 125.472199
-37.008907, -686.064514, 361.140259, -145.339396, 85.297201, 125.472199
-37.008907, -686.818054, 361.140259, -145.339396, 85.297201, 125.472199
-37.008907, -688.734436, 361.140259, -145.339396, 85.297201, 125.472199
-37.008907, -689.854736, 361.140259, -145.339396, 85.297201, 125.472199
-37.008907, -690.814941, 361.140259, -145.339396, 85.297201, 125.472199
-37.008907, -691.935181, 361.140259, -145.339396, 85.297201, 125.472199
-37.008907, -693.535583, 361.140259, -145.339396, 85.297201, 125.472199
-37.008907, -695.135986, 361.140259, -145.339396, 85.297201, 125.472199
-37.008907, -696.41626, 361.140259, -145.339396, 85.297201, 125.472199
-37.008907, -697.53656, 361.140259, -145.339396, 85.297201, 125.472199
-37.008907, -698.656799, 361.140259, -145.339396, 85.297201, 125.472199
-37.008907, -699.937134, 361.140259, -145.339396, 85.297201, 125.472199
-37.008907, -701.217407, 361.140259, -145.339396, 85.297201, 125.472199
-37.008907, -702.657776, 361.140259, -145.339396, 85.297201, 125.472199
-37.008907, -703.93811, 361.140259, -145.339396, 85.297201, 125.472199
-37.008907, -705.538452, 361.140259, -145.339396, 85.297201, 125.472199
-37.008907, -706.658325, 361.140259, -145.339396, 85.297201, 125.472199
-37.008907, -708.262939, 361.140259, -145.339396, 85.297201, 125.472199
-37.008907, -709.029297, 361.140259, -145.339396, 85.297201, 125.472199
-37.008907, -709.358154, 361.140259, -145.339396, 85.297201, 125.472199
-37.008904, -709.394348, 361.140228, -145.339339, 85.297201, 125.472257
-37.0089, -709.405701, 361.140228, -145.339282, 85.297201, 125.472257
-37.008907, -709.60144, 361.140259, -145.339396, 85.297201, 125.472199
-37.008907, -710.295166, 361.140259, -145.339396, 85.297201, 125.472199
-37.008907, -712.13446, 361.140259, -145.339396, 85.297201, 125.472199
-37.008907, -713.254333, 361.140259, -145.339396, 85.297201, 125.472199
-37.008907, -714.214539, 361.140259, -145.339396, 85.297201, 125.472199
-37.008907, -715.174805, 361.140259, -145.339396, 85.297201, 125.472199
-37.008907, -716.455078, 361.140259, -145.339396, 85.297201, 125.472199
-37.008907, -718.055481, 361.140259, -145.339396, 85.297201, 125.472199
-37.008907, -719.17572, 361.140259, -145.339396, 85.297201, 125.472199
-37.008907, -720.936157, 361.140259, -145.339396, 85.297201, 125.472199
-37.008907, -722.376526, 361.140259, -145.339396, 85.297201, 125.472199
-37.008907, -723.496765, 361.140259, -145.339396, 85.297201, 125.472199
-37.008907, -724.617065, 361.140259, -145.339396, 85.297201, 125.472199
-37.008907, -725.897339, 361.140259, -145.339396, 85.297201, 125.472199
-37.008907, -727.177673, 361.140259, -145.339396, 85.297201, 125.472199
-37.008904, -728.778015, 361.140259, -145.339396, 85.297201, 125.472199
-37.008904, -730.05835, 361.140259, -145.339396, 85.297201, 125.472199
-37.008904, -731.498657, 361.140259, -145.339396, 85.297201, 125.472199
-37.008907, -732.868958, 361.140259, -145.339396, 85.297201, 125.472199
-37.008907, -733.705811, 361.140259, -145.339396, 85.297201, 125.472199
-37.008907, -734.296936, 361.140259, -145.339396, 85.297201, 125.472199
-37.0089, -734.394348, 361.140228, -145.339339, 85.297201, 125.472257
-37.008907, -734.396423, 374.570496, -145.339396, 85.297201, 125.472199
-37.008907, -734.396423, 375.036621, -145.339396, 85.297201, 125.472199
-37.008907, -734.396423, 375.479248, -145.339396, 85.297201, 125.472199
-37.008907, -734.396423, 376.132019, -145.339396, 85.297201, 125.472199
-37.008907, -734.396423, 376.630371, -145.339396, 85.297201, 125.472199
-37.008907, -734.396423, 376.889374, -145.339396, 85.297201, 125.472199
-37.008907, -734.396423, 377.065918, -145.339396, 85.297201, 125.472199
-37.008907, -734.396423, 377.140167, -145.339396, 85.297201, 125.472199
-37.008907, -734.434631, 377.140259, -145.339396, 85.297201, 125.472199
-37.008907, -734.702454, 377.140259, -145.339396, 85.297201, 125.472199
-37.008907, -735.409424, 377.140259, -145.339396, 85.297201, 125.472199
-37.008907, -736.66217, 377.140259, -145.339396, 85.297201, 125.472199
-37.008907, -737.934265, 377.140259, -145.339396, 85.297201, 125.472199
-37.008904, -739.214539, 377.140259, -145.339396, 85.297201, 125.472199
-37.008904, -740.494873, 377.140259, -145.339396, 85.297201, 125.472199
-37.008904, -742.25531, 377.140259, -145.339396, 85.297201, 125.472199
-37.008904, -743.215515, 377.140259, -145.339396, 85.297201, 125.472199
-37.008904, -744.49585, 377.140259, -145.339396, 85.297201, 125.472199
-37.008904, -745.776123, 377.140259, -145.339396, 85.297201, 125.472199
-37.008904, -747.216492, 377.140259, -145.339396, 85.297201, 125.472199
-37.008904, -748.496765, 377.140259, -145.339396, 85.297201, 125.472199
-37.008907, -759.832153, 377.140259, -145.339396, 85.297201, 125.472199
-37.008907, -760.086975, 377.140259, -145.339396, 85.297201, 125.472199
-37.008904, -760.529846, 377.140259, -145.339396, 85.297201, 125.472199
-37.008904, -760.923828, 377.140259, -145.339396, 85.297201, 125.472199
-37.008904, -761.357239, 377.140259, -145.339396, 85.297201, 125.472199
-37.008904, -761.975647, 377.140228, -145.339396, 85.297201, 125.472199
-37.008904, -762.454163, 377.140228, -145.339396, 85.297201, 125.472199
-37.008904, -763.89447, 377.140228, -145.339396, 85.297201, 125.472199
-37.008904, -765.174805, 377.140228, -145.339396, 85.297201, 125.472199
-37.008904, -766.455078, 377.140228, -145.339396, 85.297201, 125.472199
-37.008904, -767.895447, 377.140228, -145.339396, 85.297201, 125.472199
-37.008904, -769.17572, 377.140228, -145.339396, 85.297201, 125.472199
-37.008904, -770.456055, 377.140228, -145.339396, 85.297201, 125.472199
-36.962502, -767.489197, 377.307251, -145.287887, 85.308202, 125.529667
-36.927944, -767.191223, 379.63678, -143.854519, 85.43832, 126.958567
-36.842896, -766.452515, 385.186493, -140.093567, 85.7358, 130.708805
-36.700157, -765.197632, 393.986542, -132.984536, 86.163112, 137.800933
-36.483593, -763.263916, 406.329285, -120.257596, 86.635229, 150.504095
-36.357044, -762.120361, 413.078705, -111.915846, 86.808721, 158.832839
-36.280563, -761.424988, 417.015778, -106.68033, 86.876273, 164.060678
-36.278412, -761.405396, 417.125, -106.532048, 86.877762, 164.208787
-36.278412, -761.405396, 417.125, -106.532048, 86.877762, 164.208787
-36.278412, -761.405396, 417.125, -106.532048, 86.877762, 164.208787
-36.278412, -761.405396, 417.125, -106.532048, 86.877762, 164.208787
-36.278412, -761.405396, 417.125, -106.532048, 86.877762, 164.208787
-36.278412, -761.405396, 417.125, -106.532048, 86.877762, 164.208787
-36.278412, -761.405396, 417.125, -106.532048, 86.877762, 164.208787
-36.278412, -761.405396, 417.125, -106.532048, 86.877762, 164.208787
-36.278412, -761.405396, 417.125, -106.532048, 86.877762, 164.208787
-36.278412, -761.405396, 417.125, -106.532048, 86.877762, 164.208787
-36.278412, -761.405396, 417.125, -106.532048, 86.877762, 164.208787
-36.278412, -761.405396, 417.125, -106.532048, 86.877762, 164.208787
-36.278412, -761.405396, 417.125, -106.532048, 86.877762, 164.208787
-36.278412, -761.405396, 417.125, -106.532048, 86.877762, 164.208787
-36.278412, -761.405396, 417.125, -106.532048, 86.877762, 164.208787
-36.278412, -761.405396, 417.125, -106.532048, 86.877762, 164.208787
-36.278412, -761.405396, 417.125, -106.532048, 86.877762, 164.208787
-36.278412, -761.405396, 417.125, -106.532048, 86.877762, 164.208787
-36.278412, -761.405396, 417.125, -106.532048, 86.877762, 164.208787
-36.278412, -761.405396, 417.125, -106.532048, 86.877762, 164.208787
-36.278412, -761.405396, 417.125, -106.532048, 86.877762, 164.208787
-36.278412, -761.405396, 417.125, -106.532048, 86.877762, 164.208787
-36.278412, -761.405396, 417.125, -106.532048, 86.877762, 164.208787
