10.991091, -409.396393, 361.140259, -145.339396, 85.297201, 125.472142
10.991091, -409.396393, 361.140259, -145.339396, 85.297201, 125.472142
10.991091, -409.396393, 361.140259, -145.339396, 85.297201, 125.472142
10.991091, -409.396393, 361.140259, -145.339396, 85.297201, 125.472142
10.991091, -409.396393, 361.140259, -145.339396, 85.297201, 125.472142
10.991091, -409.396393, 361.140259, -145.339396, 85.297201, 125.472142
10.991091, -409.396393, 361.140259, -145.339396, 85.297201, 125.472142
10.991091, -409.396393, 361.140259, -145.339396, 85.297201, 125.472142
10.991091, -409.396393, 361.140259, -145.339396, 85.297201, 125.472142
10.991091, -409.396393, 361.140259, -145.339396, 85.297201, 125.472142
10.991091, -409.396393, 361.140259, -145.339396, 85.297201, 125.472142
10.991091, -409.396393, 361.140259, -145.339396, 85.297201, 125.472142
10.991091, -409.396393, 361.140259, -145.339396, 85.297201, 125.472142
10.991091, -409.396393, 361.140259, -145.339396, 85.297201, 125.472142
10.991091, -409.396393, 361.140259, -145.339396, 85.297201, 125.472142
10.991091, -409.396393, 361.140259, -145.339396, 85.297201, 125.472142
10.991091, -409.396393, 361.140259, -145.339396, 85.297201, 125.472142
10.991091, -409.396393, 361.140259, -145.339396, 85.297201, 125.472142
10.991091, -409.396393, 361.140259, -145.339396, 85.297201, 125.472142
10.991091, -409.396393, 361.140259, -145.339396, 85.297201, 125.472142
10.991082, -419.396332, 361.140259, -145.339396, 85.297201, 125.472142
10.97964, -419.396393, 361.128784, -145.339396, 85.297201, 125.472142
10.952444, -419.396393, 361.101593, -145.339396, 85.297201, 125.472142
10.899485, -419.396393, 361.048645, -145.339396, 85.297201, 125.472142
10.812175, -419.396393, 360.961334, -145.339396, 85.297201, 125.472142
10.629471, -419.396393, 360.778625, -145.339396, 85.297201, 125.472142
10.445807, -419.396393, 360.594971, -145.339396, 85.297201, 125.472142
9.99528, -419.396393, 360.14447, -145.339396, 85.297201, 125.472142
9.151085, -419.396393, 359.300262, -145.339454, 85.297201, 125.472142
8.471357, -419.396393, 358.620544, -145.339454, 85.297201, 125.472142
7.706665, -419.396393, 357.855835, -145.339454, 85.297201, 125.472142
7.026937, -419.396393, 357.176117, -145.339454, 85.297201, 125.472142
6.262245, -419.396393, 356.411438, -145.339454, 85.297201, 125.472142
5.582518, -419.396393, 355.731689, -145.339454, 85.297201, 125.472142
4.902791, -419.396393, 355.051971, -145.339454, 85.297201, 125.472142
3.968166, -419.396393, 354.11734, -145.339454, 85.297201, 125.472142
3.203473, -419.396393, 353.352661, -145.339454, 85.297201, 125.472142
2.778644, -419.396393, 352.927826, -145.339454, 85.297201, 125.472142
2.183883, -419.396393, 352.333069, -145.339454, 85.297201, 125.472142
1.334224, -419.396393, 351.483398, -145.339454, 85.297201, 125.472142
0.654497, -419.396393, 350.80368, -145.339454, 85.297201, 125.472142
-5.008917, -429.396332, 345.140259, -145.339396, 85.297201, 125.472142
-5.009009, -429.396454, 345.13092, -145.339568, 85.297201, 125.472028
-5.008907, -429.396393, 345.085754, -145.339454, 85.297201, 125.472142
-5.008906, -429.396393, 345.011078, -145.339454, 85.297201, 125.472142
-5.008904, -429.396393, 344.887939, -145.339454, 85.297201, 125.472142
-5.008902, -429.396393, 344.630249, -145.339454, 85.297201, 125.472142
-5.008901, -429.396393, 344.371063, -145.339454, 85.297201, 125.472142
-5.008899, -429.396393, 343.382355, -145.339454, 85.297201, 125.472142
-5.008898, -429.396393, 342.302307, -145.339454, 85.297201, 125.472142
-5.008898, -429.396393, 341.341919, -145.339454, 85.297201, 125.472142
-5.008899, -429.396393, 340.381531, -145.339454, 85.297201, 125.472142
-5.008899, -429.396393, 339.301086, -145.339454, 85.297201, 125.472142
-5.008899, -429.396393, 338.340729, -145.339454, 85.297201, 125.472142
-5.008899, -429.396393, 337.380341, -145.339454, 85.297201, 125.472085
-5.008899, -429.396393, 336.299896, -145.339454, 85.297201, 125.472085
-5.008899, -429.396393, 335.339539, -145.339454, 85.297201, 125.472085
-5.008899, -429.396393, 334.37915, -145.339454, 85.297201, 125.472085
-5.008899, -429.396393, 333.298706, -145.339454, 85.297201, 125.472085
-5.008899, -429.396393, 332.338318, -145.339454, 85.297201, 125.472085
-5.008899, -429.396393, 331.257904, -145.339454, 85.297201, 125.472085
-5.008899, -429.396393, 330.32019, -145.339454, 85.297201, 125.472142
-5.008915, -439.396332, 329.140259, -145.339396, 85.297201, 125.472199
-5.008908, -439.396393, 329.124115, -145.339454, 85.297201, 125.472142
-5.008908, -439.396393, 329.085754, -145.339454, 85.297201, 125.472142
-5.008906, -439.396393, 328.976013, -145.339454, 85.297201, 125.472142
-5.008905, -439.396393, 328.834045, -145.339454, 85.297201, 125.472142
-5.008904, -439.396393, 328.549408, -145.339454, 85.297201, 125.472142
-5.008902, -439.396393, 328.173492, -145.339454, 85.297201, 125.472142
-5.008901, -439.396393, 327.142639, -145.339454, 85.297201, 125.472085
-5.008901, -439.396423, 326.062195, -145.339454, 85.297201, 125.472085
-5.008901, -439.396423, 325.101807, -145.339454, 85.297201, 125.472085
-5.008901, -439.396423, 324.021393, -145.339454, 85.297201, 125.472085
-5.008901, -439.396423, 323.061005, -145.339454, 85.297201, 125.472085
-5.008901, -439.396423, 322.100616, -145.339454, 85.297201, 125.472085
-5.008901, -439.396423, 321.140228, -145.339454, 85.297201, 125.472085
-5.008901, -439.396423, 320.179871, -145.339454, 85.297201, 125.472085
-5.008901, -439.396423, 319.099426, -145.339454, 85.297201, 125.472085
-5.008901, -439.396423, 318.019012, -145.339454, 85.297201, 125.472085
-5.008901, -439.396423, 317.058624, -145.339454, 85.297201, 125.472085
-5.008901, -439.396423, 316.098236, -145.339454, 85.297201, 125.472085
-5.008901, -439.396423, 315.017822, -145.339454, 85.297201, 125.472085
-5.008902, -439.396423, 314.211853, -145.339454, 85.297201, 125.472142
-5.008913, -449.396332, 313.140259, -145.339396, 85.297201, 125.472199
-5.008908, -449.396393, 313.124115, -145.339454, 85.297201, 125.472142
-5.008908, -449.396393, 313.085754, -145.339454, 85.297201, 125.472142
-5.008907, -449.396393, 313.011078, -145.339454, 85.297201, 125.472142
-5.008906, -449.396393, 312.887939, -145.339454, 85.297201, 125.472142
-5.008905, -449.396393, 312.630249, -145.339454, 85.297201, 125.472142
-5.008904, -449.396423, 312.173492, -145.339454, 85.297201, 125.472142
-5.008903, -449.396423, 311.142639, -145.339454, 85.297201, 125.472142
-5.008903, -449.396423, 310.062195, -145.339454, 85.297201, 125.472142
-5.008903, -449.396423, 308.981781, -145.339454, 85.297201, 125.472142
-5.008903, -449.396423, 308.021393, -145.339454, 85.297201, 125.472142
-5.008903, -449.396423, 307.061005, -145.339454, 85.297201, 125.472142
-5.008903, -449.396423, 306.100616, -145.339454, 85.297201, 125.472142
-5.008904, -449.396423, 305.140228, -145.339454, 85.297201, 125.472142
-5.008904, -449.396423, 304.179871, -145.339454, 85.297201, 125.472142
-5.008904, -449.396423, 303.099426, -145.339454, 85.297201, 125.472142
-5.008904, -449.396423, 302.139038, -145.339454, 85.297201, 125.472142
-5.008904, -449.396423, 301.058624, -145.339454, 85.297201, 125.472142
-5.008904, -449.396423, 300.098236, -145.339454, 85.297201, 125.472142
-5.008904, -449.396423, 299.017822, -145.339454, 85.297201, 125.472142
-5.008904, -449.396423, 298.106995, -145.339454, 85.297201, 125.472142
-5.008911, -459.396332, 297.140259, -145.339396, 85.297201, 125.472199
-5.008909, -459.396393, 297.124115, -145.339454, 85.297201, 125.472142
-5.008908, -459.396393, 297.085754, -145.339454, 85.297201, 125.472142
-5.008908, -459.396393, 297.011078, -145.339454, 85.297201, 125.472142
-5.008907, -459.396393, 296.834045, -145.339454, 85.297201, 125.472142
-5.008906, -459.396423, 296.630249, -145.339454, 85.297201, 125.472142
-5.008905, -459.396423, 296.173492, -145.339454, 85.297201, 125.472142
-5.008905, -459.396423, 295.142639, -145.339454, 85.297201, 125.472142
-5.008905, -459.396423, 294.062195, -145.339454, 85.297201, 125.472142
-5.008905, -459.396423, 293.101807, -145.339454, 85.297201, 125.472142
-5.008905, -459.396423, 292.141418, -145.339454, 85.297201, 125.472142
-5.008905, -459.396423, 291.181061, -145.339454, 85.297201, 125.472142
-5.008905, -459.396423, 290.100616, -145.339454, 85.297201, 125.472142
-5.008905, -459.396423, 289.140228, -145.339454, 85.297201, 125.472142
-5.008905, -459.396423, 288.059814, -145.339454, 85.297201, 125.472142
-5.008905, -459.396423, 287.099426, -145.339454, 85.297201, 125.472142
-5.008905, -459.396423, 286.139038, -145.339454, 85.297201, 125.472142
-5.008905, -459.396423, 285.058624, -145.339454, 85.297201, 125.472142
-5.008905, -459.396423, 284.098236, -145.339454, 85.297201, 125.472142
-5.008905, -459.396423, 283.137848, -145.339454, 85.297201, 125.472142
-5.008905, -459.396423, 282.106995, -145.339454, 85.297201, 125.472142
-5.008909, -469.396332, 281.140259, -145.339396, 85.297201, 125.472199
-5.009002, -469.396454, 281.13089, -145.339454, 85.297201, 125.472142
-5.008909, -469.396393, 281.101959, -145.339454, 85.297201, 125.472142
-5.008908, -469.396393, 281.040741, -145.339454, 85.297201, 125.472142
-5.008908, -469.396393, 280.887939, -145.339454, 85.297201, 125.472142
-5.008907, -469.396423, 280.704926, -145.339454, 85.297201, 125.472142
-5.008906, -469.396423, 280.173492, -145.339454, 85.297201, 125.472142
-5.008906, -469.396423, 279.142639, -145.339454, 85.297201, 125.472142
-5.008906, -469.396423, 278.182251, -145.339454, 85.297201, 125.472142
-5.008906, -469.396423, 277.101807, -145.339454, 85.297201, 125.472142
-5.008906, -469.396423, 276.141418, -145.339454, 85.297201, 125.472142
-5.008906, -469.396423, 275.181061, -145.339454, 85.297201, 125.472142
-5.008906, -469.396423, 274.100616, -145.339454, 85.297201, 125.472142
-5.008906, -469.396423, 273.140228, -145.339454, 85.297201, 125.472142
-5.008906, -469.396423, 272.179871, -145.339454, 85.297201, 125.472142
-5.008906, -469.396423, 271.099426, -145.339454, 85.297201, 125.472142
-5.008906, -469.396423, 270.139038, -145.339454, 85.297201, 125.472142
-5.008906, -469.396423, 269.17868, -145.339454, 85.297201, 125.472142
-5.008906, -469.396423, 268.098236, -145.339454, 85.297201, 125.472142
-5.008906, -469.396423, 267.137848, -145.339454, 85.297201, 125.472142
-5.008906, -469.396423, 266.106995, -145.339454, 85.297201, 125.472142
-5.008908, -479.396332, 265.140259, -145.339396, 85.297201, 125.472199
-5.009036, -479.396454, 265.124084, -145.339454, 85.297201, 125.472142
-5.008909, -479.396393, 265.085754, -145.339454, 85.297201, 125.472142
-5.008908, -479.396393, 264.976013, -145.339454, 85.297201, 125.472142
-5.008908, -479.396423, 264.834045, -145.339454, 85.297201, 125.472142
-5.008908, -479.396423, 264.630249, -145.339454, 85.297201, 125.472142
-5.008907, -479.396423, 264.173492, -145.339454, 85.297201, 125.472142
-5.008907, -479.396423, 263.022583, -145.339454, 85.297201, 125.472142
-5.008907, -479.396423, 262.062195, -145.339454, 85.297201, 125.472142
-5.008907, -479.396423, 261.101807, -145.339454, 85.297201, 125.472142
-5.008907, -479.396423, 260.021393, -145.339454, 85.297201, 125.472142
-5.008907, -479.396423, 259.061005, -145.339454, 85.297201, 125.472142
-5.008907, -479.396423, 257.980591, -145.339454, 85.297201, 125.472142
-5.008907, -479.396423, 257.020203, -145.339454, 85.297201, 125.472142
-5.008907, -479.396423, 255.939758, -145.339454, 85.297201, 125.472142
-5.008907, -479.396423, 254.979385, -145.339454, 85.297201, 125.472142
-5.008907, -479.396423, 254.018997, -145.339454, 85.297201, 125.472142
-5.008907, -479.396423, 252.938568, -145.339454, 85.297201, 125.472142
-5.008907, -479.396423, 251.978195, -145.339454, 85.297201, 125.472142
-5.008907, -479.396423, 251.017838, -145.339454, 85.297201, 125.472142
-5.008907, -479.396423, 250.106995, -145.339454, 85.297201, 125.472142
-5.008908, -479.396423, 249.446442, -145.339454, 85.297201, 125.472142
-5.008909, -479.396393, 249.165894, -145.339454, 85.297201, 125.472142
-5.008918, -479.396393, 249.14032, -145.339396, 85.297201, 125.472142
-5.008908, -479.450867, 249.140259, -145.339396, 85.297201, 125.472199
-5.008905, -479.763489, 249.140259, -145.339396, 85.297201, 125.472199
-5.008902, -480.687347, 249.140259, -145.339396, 85.297201, 125.472199
-5.008902, -481.633606, 249.140259, -145.339396, 85.297201, 125.472199
-5.008902, -482.593842, 249.140259, -145.339396, 85.297201, 125.472199
-5.008902, -483.674164, 249.140259, -145.339396, 85.297201, 125.472199
-5.008902, -484.634399, 249.140259, -145.339396, 85.297201, 125.472199
-5.008902, -485.594666, 249.140259, -145.339396, 85.297201, 125.472199
-5.008902, -486.674957, 249.140259, -145.339396, 85.297201, 125.472199
-5.008902, -487.635223, 249.140259, -145.339396, 85.297201, 125.472199
-5.008902, -488.475464, 249.140259, -145.339396, 85.297201, 125.472199
-5.008902, -489.675781, 249.140259, -145.339396, 85.297201, 125.472199
-5.008902, -490.636047, 249.140259, -145.339396, 85.297201, 125.472199
-5.008902, -491.596313, 249.140259, -145.339396, 85.297201, 125.472199
-5.008902, -492.676605, 249.140259, -145.339396, 85.297201, 125.472199
-5.008902, -493.636871, 249.140259, -145.339396, 85.297201, 125.472199
-5.008902, -494.717163, 249.140259, -145.339396, 85.297201, 125.472199
-5.008902, -495.677429, 249.140259, -145.339396, 85.297201, 125.472199
-5.008902, -496.51767, 249.140259, -145.339396, 85.297201, 125.472199
-5.008902, -497.477936, 249.140259, -145.339396, 85.297201, 125.472199
-5.008902, -498.558228, 249.140259, -145.339396, 85.297201, 125.472199
-5.008902, -499.518494, 249.140259, -145.339396, 85.297201, 125.472199
-5.008902, -500.47876, 249.140259, -145.339396, 85.297201, 125.472199
-5.008903, -501.439026, 249.140259, -145.339396, 85.297201, 125.472199
-5.008903, -502.519287, 249.140259, -145.339396, 85.297201, 125.472199
-5.008903, -503.429962, 249.140259, -145.339396, 85.297201, 125.472199
-5.008907, -504.232239, 249.140259, -145.339396, 85.297201, 125.472199
-5.008896, -504.391602, 249.140244, -145.339339, 85.297201, 125.472257
-5.008905, -504.398407, 249.140244, -145.339396, 85.297201, 125.472199
-5.008907, -504.525543, 249.140259, -145.339396, 85.297201, 125.472199
-5.008904, -504.98703, 249.140259, -145.339396, 85.297201, 125.472199
-5.008903, -505.801239, 249.140259, -145.339396, 85.297201, 125.472199
-5.008903, -506.753632, 249.140259, -145.339396, 85.297201, 125.472199
-5.008903, -507.713898, 249.140259, -145.339396, 85.297201, 125.472199
-5.008903, -508.674164, 249.140259, -145.339396, 85.297201, 125.472199
-5.008903, -509.754456, 249.140259, -145.339396, 85.297201, 125.472199
-5.008903, -510.714722, 249.140259, -145.339396, 85.297201, 125.472199
-5.008903, -511.674957, 249.140259, -145.339396, 85.297201, 125.472199
-5.008903, -512.755249, 249.140259, -145.339396, 85.297201, 125.472199
-5.008903, -513.835571, 249.140259, -145.339396, 85.297201, 125.472199
-5.008903, -514.555786, 249.140259, -145.339396, 85.297201, 125.472199
-5.008903, -515.756104, 249.140259, -145.339396, 85.297201, 125.472199
-5.008903, -516.71637, 249.140259, -145.339396, 85.297201, 125.472199
-5.008903, -517.676636, 249.140259, -145.339396, 85.297201, 125.472199
-5.008903, -518.756897, 249.140259, -145.339396, 85.297201, 125.472199
-5.008903, -519.717163, 249.140259, -145.339396, 85.297201, 125.472199
-5.008903, -520.797485, 249.140259, -145.339396, 85.297201, 125.472199
-5.008903, -521.637695, 249.140259, -145.339396, 85.297201, 125.472199
-5.008903, -522.597961, 249.140259, -145.339396, 85.297201, 125.472199
-5.008903, -523.798279, 249.140259, -145.339396, 85.297201, 125.472199
-5.008903, -524.758545, 249.140259, -145.339396, 85.297201, 125.472199
-5.008903, -525.718811, 249.140259, -145.339396, 85.297201, 125.472199
-5.008903, -526.799133, 249.140259, -145.339396, 85.297201, 125.472199
-5.008903, -527.638977, 249.140259, -145.339396, 85.297201, 125.472199
-5.008904, -528.719238, 249.140259, -145.339396, 85.297201, 125.472199
-5.008907, -529.232239, 249.140259, -145.339396, 85.297201, 125.472199
-5.008891, -529.387024, 249.140228, -145.339282, 85.297201, 125.472314
-5.008905, -529.398438, 249.140244, -145.339396, 85.297201, 125.472199
-5.008907, -529.525513, 249.140259, -145.339396, 85.297201, 125.472199
-5.008904, -530.073547, 249.140259, -145.339396, 85.297201, 125.472199
-5.008904, -530.917236, 249.140259, -145.339396, 85.297201, 125.472199
-5.008903, -531.753601, 249.140259, -145.339396, 85.297201, 125.472199
-5.008903, -532.833923, 249.140259, -145.339396, 85.297201, 125.472199
-5.008903, -533.914246, 249.140259, -145.339396, 85.297201, 125.472199
-5.008903, -534.754456, 249.140259, -145.339396, 85.297201, 125.472199
-5.008903, -535.834717, 249.140259, -145.339396, 85.297201, 125.472199
-5.008903, -536.915039, 249.140259, -145.339396, 85.297201, 125.472199
-5.008903, -537.875305, 249.140259, -145.339396, 85.297201, 125.472199
-5.008904, -538.835571, 249.140259, -145.339396, 85.297201, 125.472199
-5.008904, -539.795837, 249.140259, -145.339396, 85.297201, 125.472199
-5.008904, -540.756104, 249.140259, -145.339396, 85.297201, 125.472199
-5.008904, -541.956421, 249.140259, -145.339396, 85.297201, 125.472199
-5.008904, -542.676636, 249.140259, -145.339396, 85.297201, 125.472199
-5.008904, -543.756897, 249.140259, -145.339396, 85.297201, 125.472199
-5.008904, -544.717163, 249.140259, -145.339396, 85.297201, 125.472199
-5.008904, -545.677429, 249.140259, -145.339396, 85.297201, 125.472199
-5.008904, -546.877747, 249.140259, -145.339396, 85.297201, 125.472199
-5.008904, -547.838013, 249.140259, -145.339396, 85.297201, 125.472199
-5.008904, -548.798279, 249.140259, -145.339396, 85.297201, 125.472199
-5.008904, -549.758545, 249.140259, -145.339396, 85.297201, 125.472199
-5.008904, -550.838867, 249.140259, -145.339396, 85.297201, 125.472199
-5.008904, -551.919128, 249.140259, -145.339396, 85.297201, 125.472199
-5.008904, -552.638977, 249.140259, -145.339396, 85.297201, 125.472199
-5.008905, -553.719238, 249.140259, -145.339396, 85.297201, 125.472199
-5.008907, -554.232239, 249.140259, -145.339396, 85.297201, 125.472199
-5.008896, -554.391602, 249.140244, -145.339339, 85.297201, 125.472257
-5.008902, -554.401184, 249.140244, -145.339339, 85.297201, 125.472199
-5.008907, -554.525513, 249.140259, -145.339396, 85.297201, 125.472199
-5.008905, -555.073547, 249.140259, -145.339396, 85.297201, 125.472199
-5.008904, -555.917236, 249.140259, -145.339396, 85.297201, 125.472199
-5.008904, -556.873657, 249.140259, -145.339396, 85.297201, 125.472199
-5.008904, -557.713867, 249.140259, -145.339396, 85.297201, 125.472199
-5.008904, -558.914246, 249.140259, -145.339396, 85.297201, 125.472199
-5.008904, -559.874451, 249.140259, -145.339396, 85.297201, 125.472199
-5.008904, -561.074829, 249.140259, -145.339396, 85.297201, 125.472199
-5.008904, -562.035095, 249.140259, -145.339396, 85.297201, 125.472199
-5.008904, -562.995361, 249.140259, -145.339396, 85.297201, 125.472199
-5.008904, -564.075623, 249.140259, -145.339396, 85.297201, 125.472199
-5.008904, -564.915833, 249.140259, -145.339396, 85.297201, 125.472199
-5.008904, -566.116211, 249.140259, -145.339396, 85.297201, 125.472199
-5.008904, -566.956421, 249.140259, -145.339396, 85.297201, 125.472199
-5.008904, -567.796631, 249.140259, -145.339396, 85.297201, 125.472199
-5.008907, -614.396301, 249.140244, -145.339396, 85.297201, 125.472199
-5.008962, -614.396423, 249.1241, -145.339454, 85.297201, 125.472142
-5.008909, -614.396423, 249.065491, -145.339454, 85.297201, 125.472142
-5.008909, -614.396423, 248.976013, -145.339454, 85.297201, 125.472142
-5.00891, -614.396423, 248.77301, -145.339454, 85.297201, 125.472142
-5.00891, -614.396423, 248.462875, -145.339454, 85.297201, 125.472142
-5.008911, -614.396423, 247.848938, -145.339454, 85.297201, 125.472142
-5.008911, -614.396423, 246.782486, -145.339454, 85.297201, 125.472142
-5.008911, -614.396423, 245.822113, -145.339454, 85.297201, 125.472142
-5.008911, -614.396423, 244.741684, -145.339454, 85.297201, 125.472142
-5.008911, -614.396423, 243.781296, -145.339454, 85.297201, 125.472142
-5.008911, -614.396423, 242.700867, -145.339454, 85.297201, 125.472142
-5.008911, -614.396423, 241.740479, -145.339454, 85.297201, 125.472142
-5.008911, -614.396423, 240.780106, -145.339454, 85.297201, 125.472142
-5.008911, -614.396423, 239.819717, -145.339454, 85.297201, 125.472142
-5.008911, -614.396423, 238.739288, -145.339454, 85.297201, 125.472142
-5.008911, -614.396423, 237.778915, -145.339454, 85.297201, 125.472142
-5.008911, -614.396423, 236.698486, -145.339454, 85.297201, 125.472142
-5.008911, -614.396423, 235.738098, -145.339454, 85.297201, 125.472142
-5.008911, -614.396423, 234.779221, -145.339454, 85.297201, 125.472142
-5.00891, -614.396423, 233.817627, -145.339454, 85.297201, 125.472142
-5.008913, -614.396423, 233.14032, -145.339396, 85.297201, 125.472142
-5.004124, -614.396423, 233.140259, -145.339396, 85.297201, 125.472199
-4.983267, -614.396423, 233.140244, -145.339396, 85.297201, 125.472142
-4.909409, -614.396423, 233.140244, -145.339454, 85.297201, 125.472142
-4.803779, -614.396423, 233.140259, -145.339454, 85.297201, 125.472142
-4.641672, -614.396423, 233.140259, -145.339454, 85.297201, 125.472142
-4.239734, -614.396423, 233.140259, -145.339454, 85.297201, 125.472142
-3.011293, -614.396423, 233.140259, -145.339454, 85.297201, 125.472142
-2.050912, -614.396423, 233.140259, -145.339454, 85.297201, 125.472142
-1.09053, -614.396423, 233.140259, -145.339454, 85.297201, 125.472142
-0.250196, -614.396423, 233.140259, -145.339454, 85.297201, 125.472142
0.950282, -614.396423, 233.140259, -145.339454, 85.297201, 125.472142
1.910663, -614.396423, 233.140259, -145.339454, 85.297201, 125.472142
2.871045, -614.396423, 233.140259, -145.339454, 85.297201, 125.472142
3.951475, -614.396423, 233.140259, -145.339454, 85.297201, 125.472142
4.911857, -614.396423, 233.140259, -145.339454, 85.297201, 125.472142
5.752191, -614.396423, 233.140259, -145.339454, 85.297201, 125.472142
6.712573, -614.396423, 233.140259, -145.339454, 85.297201, 125.472142
7.793002, -614.396423, 233.140259, -145.339454, 85.297201, 125.472142
8.873431, -614.396423, 233.140259, -145.339454, 85.297201, 125.472142
10.024347, -614.396423, 233.140259, -145.339454, 85.297201, 125.472142
10.555777, -614.396423, 233.140259, -145.339454, 85.297201, 125.472142
10.916336, -614.396423, 233.140244, -145.339454, 85.297201, 125.472142
10.991017, -614.396423, 233.140259, -145.339396, 85.297201, 125.472199
11.016732, -614.396423, 233.140244, -145.339396, 85.297201, 125.472142
11.243393, -614.396423, 233.140259, -145.339454, 85.297201, 125.472142
11.957839, -614.396423, 233.140259, -145.339454, 85.297201, 125.472142
12.868688, -614.396423, 233.140259, -145.339454, 85.297201, 125.472142
13.829041, -614.396423, 233.140259, -145.339454, 85.297201, 125.472142
14.789423, -614.396423, 233.140259, -145.339454, 85.297201, 125.472142
15.869852, -614.396423, 233.140259, -145.339454, 85.297201, 125.472142
16.830235, -614.396423, 233.140259, -145.339454, 85.297201, 125.472142
17.910664, -614.396423, 233.140259, -145.339454, 85.297201, 125.472142
18.871046, -614.396423, 233.140259, -145.339454, 85.297201, 125.472142
19.831427, -614.396423, 233.140259, -145.339454, 85.297201, 125.472142
20.791809, -614.396423, 233.140259, -145.339454, 85.297201, 125.472142
22.232382, -614.396423, 233.140259, -145.339454, 85.297201, 125.472142
23.072716, -614.396423, 233.140259, -145.339454, 85.297201, 125.472142
24.033098, -614.396423, 233.140259, -145.339454, 85.297201, 125.472142
24.993479, -614.396423, 233.140259, -145.339454, 85.297201, 125.472142
25.91947, -614.396423, 233.140259, -145.339454, 85.297201, 125.472142
26.684893, -614.396423, 233.140259, -145.339454, 85.297201, 125.472142
26.952816, -614.396423, 233.140244, -145.339454, 85.297201, 125.472142
26.991016, -614.396423, 233.140259, -145.339396, 85.297201, 125.472199
27.045588, -614.396423, 233.140244, -145.339454, 85.297201, 125.472142
27.358328, -614.396423, 233.140259, -145.339454, 85.297201, 125.472142
28.062716, -614.396423, 233.140259, -145.339454, 85.297201, 125.472142
28.988707, -614.396423, 233.140259, -145.339454, 85.297201, 125.472142
30.069138, -614.396423, 233.140259, -145.339454, 85.297201, 125.472142
31.029518, -614.396423, 233.140259, -145.339454, 85.297201, 125.472142
32.109947, -614.396423, 233.140259, -145.339454, 85.297201, 125.472142
33.070332, -614.396423, 233.140259, -145.339454, 85.297201, 125.472142
34.030712, -614.396423, 233.140259, -145.339454, 85.297201, 125.472142
35.111141, -614.396423, 233.140259, -145.339454, 85.297201, 125.472142
36.071522, -614.396423, 233.140259, -145.339454, 85.297201, 125.472142
37.031906, -614.396423, 233.140259, -145.339454, 85.297201, 125.472142
38.112335, -614.396423, 233.140259, -145.339454, 85.297201, 125.472142
39.072716, -614.396423, 233.140259, -145.339454, 85.297201, 125.472142
40.0331, -614.396423, 233.140259, -145.339454, 85.297201, 125.472142
41.113499, -614.396423, 233.140259, -145.339454, 85.297201, 125.472142
42.024349, -614.396423, 233.140259, -145.339454, 85.297201, 125.472142
42.684895, -614.396423, 233.140259, -145.339454, 85.297201, 125.472142
42.96545, -614.396423, 233.140244, -145.339396, 85.297201, 125.472142
42.991016, -614.396423, 233.140259, -145.339396, 85.297201, 125.472199
42.952816, -614.396423, 233.140244, -145.339396, 85.297201, 125.472199
42.623856, -614.396423, 233.140244, -145.339396, 85.297201, 125.472199
41.919464, -614.396423, 233.140244, -145.339396, 85.297201, 125.472199
40.993473, -614.396423, 233.140244, -145.339396, 85.297201, 125.472199
39.913044, -614.396423, 233.140244, -145.339396, 85.297201, 125.472199
38.952663, -614.396423, 233.140244, -145.339396, 85.297201, 125.472199
37.872234, -614.396423, 233.140244, -145.339396, 85.297201, 125.472199
36.911854, -614.396423, 233.140244, -145.339396, 85.297201, 125.472199
35.951469, -614.396423, 233.140244, -145.339396, 85.297201, 125.472199
34.991089, -614.396423, 233.140244, -145.339396, 85.297201, 125.472199
33.91066, -614.396423, 233.140244, -145.339396, 85.297201, 125.472199
32.950279, -614.396423, 233.140244, -145.339396, 85.297201, 125.472199
31.869848, -614.396423, 233.140244, -145.339396, 85.297201, 125.472199
30.909466, -614.396423, 233.140244, -145.339396, 85.297201, 125.472199
29.829037, -614.396423, 233.140244, -145.339396, 85.297201, 125.472199
28.868683, -614.396423, 233.140244, -145.339396, 85.297201, 125.472199
28.062712, -614.396423, 233.140244, -145.339396, 85.297201, 125.472199
27.297289, -614.396423, 233.140244, -145.339396, 85.297201, 125.472199
27.029366, -614.396423, 233.140244, -145.339396, 85.297201, 125.472199
26.991165, -614.396423, 233.140244, -145.339454, 85.297201, 125.472142
26.991165, -614.396423, 233.140244, -145.339454, 85.297201, 125.472142
26.991123, -614.421997, 233.140228, -145.339225, 85.297201, 125.472371
26.991093, -614.702515, 233.140259, -145.339396, 85.297201, 125.472199
26.991095, -615.362854, 233.140259, -145.339396, 85.297201, 125.472199
26.991096, -616.393494, 233.140259, -145.339396, 85.297201, 125.472199
26.991096, -617.473816, 233.140259, -145.339396, 85.297201, 125.472199
26.991096, -618.314026, 233.140259, -145.339396, 85.297201, 125.472199
26.991096, -619.274292, 233.140259, -145.339396, 85.297201, 125.472199
26.991096, -620.354614, 233.140259, -145.339396, 85.297201, 125.472199
26.991096, -621.31488, 233.140259, -145.339396, 85.297201, 125.472199
26.991096, -622.395142, 233.140259, -145.339396, 85.297201, 125.472199
26.991096, -623.355408, 233.140259, -145.339396, 85.297201, 125.472199
26.991096, -624.315674, 233.140259, -145.339396, 85.297201, 125.472199
26.991096, -625.27594, 233.140259, -145.339396, 85.297201, 125.472199
26.991096, -626.356262, 233.140259, -145.339396, 85.297201, 125.472199
26.991096, -627.316528, 233.140259, -145.339396, 85.297201, 125.472199
26.991096, -628.276794, 233.140259, -145.339396, 85.297201, 125.472199
26.991096, -629.357056, 233.140259, -145.339396, 85.297201, 125.472199
26.991096, -630.677429, 233.140259, -145.339396, 85.297201, 125.472199
26.991096, -631.277588, 233.140259, -145.339396, 85.297201, 125.472199
26.991096, -632.35791, 233.140259, -145.339396, 85.297201, 125.472199
26.991096, -633.318176, 233.140259, -145.339396, 85.297201, 125.472199
26.991096, -634.398438, 233.140259, -145.339396, 85.297201, 125.472199
26.991096, -635.358704, 233.140259, -145.339396, 85.297201, 125.472199
26.991096, -636.31897, 233.140259, -145.339396, 85.297201, 125.472199
26.991096, -637.279236, 233.140259, -145.339396, 85.297201, 125.472199
26.991095, -638.325134, 233.140259, -145.339396, 85.297201, 125.472199
26.991095, -638.961243, 233.140259, -145.339396, 85.297201, 125.472199
26.991093, -639.358154, 233.140259, -145.339396, 85.297201, 125.472199
26.991093, -639.396301, 233.140244, -145.339396, 85.297201, 125.472199
26.916336, -639.396423, 233.140244, -145.339396, 85.297201, 125.472199
26.684891, -639.396423, 233.140244, -145.339396, 85.297201, 125.472199
25.919468, -639.396423, 233.140244, -145.339396, 85.297201, 125.472199
24.993477, -639.396423, 233.140244, -145.339396, 85.297201, 125.472199
23.913048, -639.396423, 233.140244, -145.339396, 85.297201, 125.472199
23.072714, -639.396423, 233.140244, -145.339396, 85.297201, 125.472199
21.632141, -639.396423, 233.140244, -145.339396, 85.297201, 125.472199
20.791807, -639.396423, 233.140244, -145.339396, 85.297201, 125.472199
19.59133, -639.396423, 233.140244, -145.339396, 85.297201, 125.472199
18.5109, -639.396423, 233.140244, -145.339396, 85.297201, 125.472199
17.670567, -639.396423, 233.140244, -145.339396, 85.297201, 125.472199
16.470089, -639.396423, 233.140244, -145.339396, 85.297201, 125.472199
15.749803, -639.396423, 233.140244, -145.339396, 85.297201, 125.472199
14.78942, -639.396423, 233.140244, -145.339396, 85.297201, 125.472199
13.588943, -639.396423, 233.140244, -145.339396, 85.297201, 125.472199
12.868685, -639.396423, 233.140244, -145.339396, 85.297201, 125.472199
11.957837, -639.396423, 233.140244, -145.339396, 85.297201, 125.472199
11.196221, -639.396423, 233.140244, -145.339396, 85.297201, 125.472199
11.016732, -639.396423, 233.140244, -145.339396, 85.297201, 125.472199
10.991092, -639.396484, 233.140244, -145.339396, 85.297201, 125.472142
10.991092, -639.49585, 233.140259, -145.339396, 85.297201, 125.472199
10.991094, -639.763489, 233.140259, -145.339396, 85.297201, 125.472199
10.991096, -640.687317, 233.140259, -145.339396, 85.297201, 125.472199
10.991096, -641.51355, 233.140259, -145.339396, 85.297201, 125.472199
10.991096, -642.593872, 233.140259, -145.339396, 85.297201, 125.472199
10.991096, -643.554138, 233.140259, -145.339396, 85.297201, 125.472199
10.991096, -644.514404, 233.140259, -145.339396, 85.297201, 125.472199
10.991096, -645.354614, 233.140259, -145.339396, 85.297201, 125.472199
10.991096, -646.554932, 233.140259, -145.339396, 85.297201, 125.472199
10.991096, -647.515198, 233.140259, -145.339396, 85.297201, 125.472199
10.991096, -648.59552, 233.140259, -145.339396, 85.297201, 125.472199
10.991096, -649.555786, 233.140259, -145.339396, 85.297201, 125.472199
10.991096, -650.515991, 233.140259, -145.339396, 85.297201, 125.472199
10.991091, -409.396393, 361.140259, -145.339396, 85.297201, 125.472142
