10.991091, -409.396393, 361.140259, -145.339396, 85.297201, 125.472142
10.991091, -409.396393, 361.140259, -145.339396, 85.297201, 125.472142
10.991091, -409.396393, 361.140259, -145.339396, 85.297201, 125.472142
10.991091, -409.396393, 361.140259, -145.339396, 85.297201, 125.472142
10.991091, -409.396393, 361.140259, -145.339396, 85.297201, 125.472142
10.991091, -409.396393, 361.140259, -145.339396, 85.297201, 125.472142
10.991091, -409.396393, 361.140259, -145.339396, 85.297201, 125.472142
10.991091, -409.396393, 361.140259, -145.339396, 85.297201, 125.472142
10.991091, -409.396393, 361.140259, -145.339396, 85.297201, 125.472142
10.991091, -409.396393, 361.140259, -145.339396, 85.297201, 125.472142
10.991091, -409.396393, 361.140259, -145.339396, 85.297201, 125.472142
10.991091, -409.396393, 361.140259, -145.339396, 85.297201, 125.472142
10.991091, -409.396393, 361.140259, -145.339396, 85.297201, 125.472142
10.991091, -409.396393, 361.140259, -145.339396, 85.297201, 125.472142
10.991091, -409.396393, 361.140259, -145.339396, 85.297201, 125.472142
10.991091, -409.396393, 361.140259, -145.339396, 85.297201, 125.472142
10.991091, -409.396393, 361.140259, -145.339396, 85.297201, 125.472142
10.991091, -409.396393, 361.140259, -145.339396, 85.297201, 125.472142
10.991091, -409.396393, 361.140259, -145.339396, 85.297201, 125.472142
10.991091, -409.396393, 361.140259, -145.339396, 85.297201, 125.472142
10.991089, -419.396393, 361.140167, -145.339454, 85.297201, 125.472142
10.99099, -419.396454, 361.124115, -145.339683, 85.297201, 125.471913
10.991094, -419.396393, 361.085754, -145.339454, 85.297201, 125.472142
10.991096, -419.396393, 361.011078, -145.339454, 85.297201, 125.472142
10.991097, -419.396393, 360.887939, -145.339454, 85.297201, 125.472142
10.9911, -419.396393, 360.704926, -145.339454, 85.297201, 125.472142
10.991103, -419.396393, 360.371063, -145.339454, 85.297201, 125.472142
10.991106, -419.396393, 359.735016, -145.339454, 85.297201, 125.472142
10.991106, -419.396393, 358.542389, -145.339454, 85.297201, 125.472142
10.991107, -419.396393, 357.582001, -145.339454, 85.297201, 125.472142
10.991107, -419.396393, 356.621613, -145.339454, 85.297201, 125.472142
10.991107, -419.396393, 355.541199, -145.339454, 85.297201, 125.472142
10.991107, -419.396393, 354.580811, -145.339454, 85.297201, 125.472142
10.991107, -419.396393, 353.380341, -145.339454, 85.297201, 125.472142
10.991107, -419.396393, 352.540009, -145.339454, 85.297201, 125.472142
10.991107, -419.396393, 351.459564, -145.339454, 85.297201, 125.472142
10.991107, -419.396393, 350.499176, -145.339454, 85.297201, 125.472142
10.991107, -419.396393, 349.538818, -145.339454, 85.297201, 125.472142
10.991108, -419.396393, 348.57843, -145.339454, 85.297201, 125.472142
10.991108, -419.396393, 347.618042, -145.339454, 85.297201, 125.472142
10.991107, -419.396393, 346.545471, -145.339454, 85.297201, 125.472142
10.991083, -429.396332, 345.140259, -145.339396, 85.297201, 125.472199
10.991038, -429.396423, 345.135468, -145.339511, 85.297201, 125.472085
10.991093, -429.396393, 345.101959, -145.339454, 85.297201, 125.472142
10.991095, -429.396393, 345.040741, -145.339454, 85.297201, 125.472142
10.991096, -429.396393, 344.887939, -145.339454, 85.297201, 125.472142
10.991099, -429.396393, 344.704926, -145.339454, 85.297201, 125.472142
10.991103, -429.396393, 344.274475, -145.339454, 85.297201, 125.472142
10.991105, -429.396393, 343.262634, -145.339454, 85.297201, 125.472142
10.991105, -429.396393, 342.182251, -145.339454, 85.297201, 125.472142
10.991105, -429.396393, 341.221863, -145.339454, 85.297201, 125.472142
10.991106, -429.396393, 340.261475, -145.339454, 85.297201, 125.472142
10.991106, -429.396393, 339.181061, -145.339454, 85.297201, 125.472142
10.991106, -429.396393, 338.220673, -145.339454, 85.297201, 125.472142
10.991106, -429.396393, 337.260284, -145.339454, 85.297201, 125.472142
10.991106, -429.396393, 336.299896, -145.339454, 85.297201, 125.472142
10.991106, -429.396393, 335.339539, -145.339454, 85.297201, 125.472142
10.991106, -429.396393, 334.019012, -145.339454, 85.297201, 125.472142
10.991106, -429.396393, 333.17865, -145.339454, 85.297201, 125.472142
10.991106, -429.396393, 332.218292, -145.339454, 85.297201, 125.472142
10.991106, -429.396393, 331.137848, -145.339454, 85.297201, 125.472142
10.991105, -429.396393, 330.211853, -145.339454, 85.297201, 125.472142
10.991085, -439.396332, 329.140259, -145.339396, 85.297201, 125.472199
10.991092, -439.396393, 329.124115, -145.339454, 85.297201, 125.472142
10.991093, -439.396393, 329.085754, -145.339454, 85.297201, 125.472142
10.991095, -439.396393, 329.011078, -145.339454, 85.297201, 125.472142
10.991096, -439.396393, 328.834045, -145.339454, 85.297201, 125.472142
10.991099, -439.396393, 328.630249, -145.339454, 85.297201, 125.472142
10.991101, -439.396393, 328.274475, -145.339454, 85.297201, 125.472142
10.991103, -439.396393, 327.262634, -145.339454, 85.297201, 125.472142
10.991103, -439.396393, 326.182251, -145.339454, 85.297201, 125.472142
10.991103, -439.396393, 325.341919, -145.339454, 85.297201, 125.472142
10.991103, -439.396393, 324.141418, -145.339454, 85.297201, 125.472142
10.991103, -439.396393, 323.181061, -145.339454, 85.297201, 125.472142
10.991103, -439.396393, 322.220673, -145.339454, 85.297201, 125.472142
10.991103, -439.396393, 321.140228, -145.339454, 85.297201, 125.472142
10.991104, -439.396393, 320.179871, -145.339454, 85.297201, 125.472142
10.991104, -439.396393, 319.219482, -145.339454, 85.297201, 125.472142
10.991104, -439.396393, 318.139038, -145.339454, 85.297201, 125.472142
10.991104, -439.396393, 317.298706, -145.339454, 85.297201, 125.472142
10.991104, -439.396393, 316.098236, -145.339454, 85.297201, 125.472142
10.991104, -439.396393, 315.137848, -145.339454, 85.297201, 125.472142
10.991102, -439.396393, 314.106995, -145.339454, 85.297201, 125.472142
10.991087, -449.396332, 313.140259, -145.339396, 85.297201, 125.472199
10.991092, -449.396393, 313.124115, -145.339454, 85.297201, 125.472142
10.991095, -449.396393, 312.93512, -145.339454, 85.297201, 125.472142
10.991097, -449.396393, 312.630249, -145.339454, 85.297201, 125.472142
10.9911, -449.396423, 311.848938, -145.339454, 85.297201, 125.472142
10.991101, -449.396423, 311.262634, -145.339454, 85.297201, 125.472142
10.991101, -449.396423, 310.782471, -145.339454, 85.297201, 125.472142
10.991101, -449.396423, 310.182251, -145.339454, 85.297201, 125.472142
10.991101, -449.396423, 309.702057, -145.339454, 85.297201, 125.472142
10.991101, -449.396423, 308.261475, -145.339454, 85.297201, 125.472142
10.991101, -449.396423, 307.061005, -145.339454, 85.297201, 125.472142
10.991101, -449.396423, 305.740479, -145.339454, 85.297201, 125.472142
10.991101, -449.396423, 304.78009, -145.339454, 85.297201, 125.472142
10.991101, -449.396423, 304.059814, -145.339454, 85.297201, 125.472142
10.991101, -449.396423, 302.859344, -145.339454, 85.297201, 125.472142
10.991101, -449.396423, 301.898956, -145.339454, 85.297201, 125.472142
10.991101, -449.396423, 301.298706, -145.339454, 85.297201, 125.472142
10.991101, -449.396423, 300.818512, -145.339454, 85.297201, 125.472142
10.991101, -449.396423, 299.858154, -145.339454, 85.297201, 125.472142
10.991101, -449.396423, 298.898132, -145.339454, 85.297201, 125.472142
10.991099, -449.396423, 297.909424, -145.339454, 85.297201, 125.472142
10.991089, -459.396332, 297.140259, -145.339396, 85.297201, 125.472199
10.991092, -459.396393, 297.124115, -145.339454, 85.297201, 125.472142
10.991093, -459.396393, 297.085754, -145.339454, 85.297201, 125.472142
10.991094, -459.396393, 297.011078, -145.339454, 85.297201, 125.472142
10.991095, -459.396393, 296.887939, -145.339454, 85.297201, 125.472142
10.991096, -459.396393, 296.704926, -145.339454, 85.297201, 125.472142
10.991098, -459.396423, 296.068604, -145.339454, 85.297201, 125.472142
10.991099, -459.396423, 295.022583, -145.339454, 85.297201, 125.472142
10.991099, -459.396423, 293.942139, -145.339454, 85.297201, 125.472142
10.991099, -459.396423, 292.861725, -145.339454, 85.297201, 125.472142
10.991099, -459.396423, 292.021393, -145.339454, 85.297201, 125.472142
10.991099, -459.396423, 291.061005, -145.339454, 85.297201, 125.472142
10.991099, -459.396423, 289.860535, -145.339454, 85.297201, 125.472142
10.991099, -459.396423, 289.140228, -145.339454, 85.297201, 125.472142
10.991099, -459.396423, 287.939758, -145.339454, 85.297201, 125.472142
10.991099, -459.396423, 286.97937, -145.339454, 85.297201, 125.472142
10.991099, -459.396423, 285.898956, -145.339454, 85.297201, 125.472142
10.991099, -459.396423, 284.938568, -145.339454, 85.297201, 125.472142
10.991099, -459.396423, 283.97818, -145.339454, 85.297201, 125.472142
10.991099, -459.396423, 282.898132, -145.339454, 85.297201, 125.472142
10.991098, -459.396423, 282.006012, -145.339454, 85.297201, 125.472142
10.991091, -469.396332, 281.140259, -145.339396, 85.297201, 125.472199
10.990959, -469.396454, 281.124084, -145.339454, 85.297201, 125.472142
10.991092, -469.396393, 281.085754, -145.339454, 85.297201, 125.472142
10.991093, -469.396393, 281.011078, -145.339454, 85.297201, 125.472142
10.991095, -469.396393, 280.834045, -145.339454, 85.297201, 125.472142
10.991096, -469.396423, 280.630249, -145.339454, 85.297201, 125.472142
10.991096, -469.396423, 280.173492, -145.339454, 85.297201, 125.472142
10.991097, -469.396423, 279.022583, -145.339454, 85.297201, 125.472142
10.991097, -469.396423, 278.182251, -145.339454, 85.297201, 125.472142
10.991097, -469.396423, 277.101807, -145.339454, 85.297201, 125.472142
10.991097, -469.396423, 276.141418, -145.339454, 85.297201, 125.472142
10.991097, -469.396423, 275.061005, -145.339454, 85.297201, 125.472142
10.991097, -469.396423, 274.100616, -145.339454, 85.297201, 125.472142
10.991097, -469.396423, 273.020203, -145.339454, 85.297201, 125.472142
10.991097, -469.396423, 272.179871, -145.339454, 85.297201, 125.472142
10.991097, -469.396423, 271.099426, -145.339454, 85.297201, 125.472142
10.991097, -469.396423, 270.139038, -145.339454, 85.297201, 125.472142
10.991097, -469.396423, 269.058624, -145.339454, 85.297201, 125.472142
10.991097, -469.396423, 268.098236, -145.339454, 85.297201, 125.472142
10.991097, -469.396423, 267.137848, -145.339454, 85.297201, 125.472142
10.991097, -469.396423, 266.106995, -145.339454, 85.297201, 125.472142
10.991092, -479.396332, 265.140259, -145.339396, 85.297201, 125.472199
10.991092, -479.396393, 265.114594, -145.339454, 85.297201, 125.472142
10.991092, -479.396393, 265.065491, -145.339454, 85.297201, 125.472142
10.991093, -479.396393, 264.976013, -145.339454, 85.297201, 125.472142
10.991094, -479.396423, 264.834045, -145.339454, 85.297201, 125.472142
10.991095, -479.396423, 264.630249, -145.339454, 85.297201, 125.472142
10.991096, -479.396423, 264.274475, -145.339454, 85.297201, 125.472142
10.991096, -479.396423, 263.262634, -145.339454, 85.297201, 125.472142
10.991096, -479.396423, 262.182251, -145.339454, 85.297201, 125.472142
10.991096, -479.396423, 261.101807, -145.339454, 85.297201, 125.472142
10.991096, -479.396423, 260.141449, -145.339454, 85.297201, 125.472142
10.991096, -479.396423, 259.181061, -145.339454, 85.297201, 125.472142
10.991096, -479.396423, 258.100616, -145.339454, 85.297201, 125.472142
10.991096, -479.396423, 257.140228, -145.339454, 85.297201, 125.472142
10.991096, -479.396423, 256.179871, -145.339454, 85.297201, 125.472142
10.991096, -479.396423, 255.099426, -145.339454, 85.297201, 125.472142
10.991096, -479.396423, 254.018997, -145.339454, 85.297201, 125.472142
10.991096, -479.396423, 253.178665, -145.339454, 85.297201, 125.472142
10.991096, -479.396423, 252.098236, -145.339454, 85.297201, 125.472142
10.991096, -479.396423, 251.137863, -145.339454, 85.297201, 125.472142
10.991096, -479.396423, 250.211868, -145.339454, 85.297201, 125.472142
10.991094, -479.396423, 249.446442, -145.339454, 85.297201, 125.472142
10.991092, -479.396393, 249.178528, -145.339454, 85.297201, 125.472142
10.991082, -479.396393, 249.14032, -145.339396, 85.297201, 125.472142
10.991092, -479.450867, 249.140259, -145.339396, 85.297201, 125.472199
10.991095, -479.763489, 249.140259, -145.339396, 85.297201, 125.472199
10.991097, -480.467682, 249.140259, -145.339396, 85.297201, 125.472199
10.991097, -481.51355, 249.140259, -145.339396, 85.297201, 125.472199
10.991097, -482.473816, 249.140259, -145.339396, 85.297201, 125.472199
10.991097, -483.434082, 249.140259, -145.339396, 85.297201, 125.472199
10.991097, -484.514374, 249.140259, -145.339396, 85.297201, 125.472199
10.991097, -485.47464, 249.140259, -145.339396, 85.297201, 125.472199
10.991097, -486.554932, 249.140259, -145.339396, 85.297201, 125.472199
10.991097, -487.515198, 249.140259, -145.339396, 85.297201, 125.472199
10.991097, -488.475464, 249.140259, -145.339396, 85.297201, 125.472199
10.991097, -489.555756, 249.140259, -145.339396, 85.297201, 125.472199
10.991097, -490.516022, 249.140259, -145.339396, 85.297201, 125.472199
10.991097, -491.476288, 249.140259, -145.339396, 85.297201, 125.472199
10.991097, -492.55658, 249.140259, -145.339396, 85.297201, 125.472199
10.991097, -493.516846, 249.140259, -145.339396, 85.297201, 125.472199
10.991097, -494.477112, 249.140259, -145.339396, 85.297201, 125.472199
10.991097, -495.437378, 249.140259, -145.339396, 85.297201, 125.472199
10.991097, -496.51767, 249.140259, -145.339396, 85.297201, 125.472199
10.991097, -497.35791, 249.140259, -145.339396, 85.297201, 125.472199
10.991097, -498.558228, 249.140259, -145.339396, 85.297201, 125.472199
10.991097, -499.518494, 249.140259, -145.339396, 85.297201, 125.472199
10.991097, -500.47876, 249.140259, -145.339396, 85.297201, 125.472199
10.991097, -501.439026, 249.140259, -145.339396, 85.297201, 125.472199
10.991097, -502.519287, 249.140259, -145.339396, 85.297201, 125.472199
10.991096, -503.429962, 249.140259, -145.339396, 85.297201, 125.472199
10.991095, -504.090302, 249.140259, -145.339396, 85.297201, 125.472199
10.991117, -504.370697, 249.140213, -145.339225, 85.297201, 125.472429
10.991092, -504.396484, 249.140244, -145.339396, 85.297201, 125.472199
10.991092, -504.450867, 249.140259, -145.339396, 85.297201, 125.472199
10.991095, -504.831573, 249.140259, -145.339396, 85.297201, 125.472199
10.991096, -505.576019, 249.140259, -145.339396, 85.297201, 125.472199
10.991097, -506.51355, 249.140259, -145.339396, 85.297201, 125.472199
10.991097, -507.593842, 249.140259, -145.339396, 85.297201, 125.472199
10.991097, -508.554108, 249.140259, -145.339396, 85.297201, 125.472199
10.991097, -509.634399, 249.140259, -145.339396, 85.297201, 125.472199
10.991097, -510.594666, 249.140259, -145.339396, 85.297201, 125.472199
10.991097, -511.554932, 249.140259, -145.339396, 85.297201, 125.472199
10.991097, -512.635254, 249.140259, -145.339396, 85.297201, 125.472199
10.991097, -513.59552, 249.140259, -145.339396, 85.297201, 125.472199
10.991097, -514.43573, 249.140259, -145.339396, 85.297201, 125.472199
10.991097, -515.636047, 249.140259, -145.339396, 85.297201, 125.472199
10.991096, -516.596313, 249.140259, -145.339396, 85.297201, 125.472199
10.991096, -517.55658, 249.140259, -145.339396, 85.297201, 125.472199
10.991096, -518.636902, 249.140259, -145.339396, 85.297201, 125.472199
10.991096, -519.597168, 249.140259, -145.339396, 85.297201, 125.472199
10.991096, -520.677429, 249.140259, -145.339396, 85.297201, 125.472199
10.991096, -521.637695, 249.140259, -145.339396, 85.297201, 125.472199
10.991096, -522.597961, 249.140259, -145.339396, 85.297201, 125.472199
10.991096, -523.678284, 249.140259, -145.339396, 85.297201, 125.472199
10.991096, -524.63855, 249.140259, -145.339396, 85.297201, 125.472199
10.991096, -525.718811, 249.140259, -145.339396, 85.297201, 125.472199
10.991096, -526.679077, 249.140259, -145.339396, 85.297201, 125.472199
10.991096, -527.638977, 249.140259, -145.339396, 85.297201, 125.472199
10.991096, -528.530884, 249.140259, -145.339396, 85.297201, 125.472199
10.991094, -529.191345, 249.140259, -145.339396, 85.297201, 125.472199
10.991117, -529.370728, 249.140213, -145.339167, 85.297201, 125.472429
10.991093, -529.396973, 249.140244, -145.339396, 85.297201, 125.472199
10.991092, -529.47113, 249.140259, -145.339396, 85.297201, 125.472199
10.991095, -529.906189, 249.140259, -145.339396, 85.297201, 125.472199
10.991096, -530.687317, 249.140259, -145.339396, 85.297201, 125.472199
10.991096, -531.633606, 249.140259, -145.339396, 85.297201, 125.472199
10.991096, -532.713867, 249.140259, -145.339396, 85.297201, 125.472199
10.991096, -533.554138, 249.140259, -145.339396, 85.297201, 125.472199
10.991096, -534.754456, 249.140259, -145.339396, 85.297201, 125.472199
10.991096, -535.594666, 249.140259, -145.339396, 85.297201, 125.472199
10.991096, -536.674988, 249.140259, -145.339396, 85.297201, 125.472199
10.991096, -537.755249, 249.140259, -145.339396, 85.297201, 125.472199
10.991096, -538.715515, 249.140259, -145.339396, 85.297201, 125.472199
10.991096, -539.675781, 249.140259, -145.339396, 85.297201, 125.472199
10.991096, -540.756104, 249.140259, -145.339396, 85.297201, 125.472199
10.991096, -541.71637, 249.140259, -145.339396, 85.297201, 125.472199
10.991096, -542.676636, 249.140259, -145.339396, 85.297201, 125.472199
10.991096, -543.756897, 249.140259, -145.339396, 85.297201, 125.472199
10.991096, -544.717163, 249.140259, -145.339396, 85.297201, 125.472199
10.991096, -545.677429, 249.140259, -145.339396, 85.297201, 125.472199
10.991096, -546.757751, 249.140259, -145.339396, 85.297201, 125.472199
10.991096, -547.718018, 249.140259, -145.339396, 85.297201, 125.472199
10.991096, -548.678284, 249.140259, -145.339396, 85.297201, 125.472199
10.991096, -549.758545, 249.140259, -145.339396, 85.297201, 125.472199
10.991096, -550.718811, 249.140259, -145.339396, 85.297201, 125.472199
10.991096, -551.799133, 249.140259, -145.339396, 85.297201, 125.472199
10.991096, -552.638977, 249.140259, -145.339396, 85.297201, 125.472199
10.991096, -553.627502, 249.140259, -145.339396, 85.297201, 125.472199
10.991094, -554.191345, 249.140259, -145.339396, 85.297201, 125.472199
10.991107, -554.387024, 249.140228, -145.339282, 85.297201, 125.472314
10.991095, -554.398438, 249.140244, -145.339396, 85.297201, 125.472199
10.991093, -554.49585, 249.140259, -145.339396, 85.297201, 125.472199
10.991095, -554.987, 249.140259, -145.339396, 85.297201, 125.472199
10.991096, -555.801208, 249.140259, -145.339396, 85.297201, 125.472199
10.991096, -556.873657, 249.140259, -145.339396, 85.297201, 125.472199
10.991096, -557.833923, 249.140259, -145.339396, 85.297201, 125.472199
10.991096, -558.794189, 249.140259, -145.339396, 85.297201, 125.472199
10.991096, -559.754456, 249.140259, -145.339396, 85.297201, 125.472199
10.991096, -560.834717, 249.140259, -145.339396, 85.297201, 125.472199
10.991096, -561.674988, 249.140259, -145.339396, 85.297201, 125.472199
10.991096, -562.875305, 249.140259, -145.339396, 85.297201, 125.472199
10.991096, -563.715515, 249.140259, -145.339396, 85.297201, 125.472199
10.991096, -564.795837, 249.140259, -145.339396, 85.297201, 125.472199
10.991096, -565.756104, 249.140259, -145.339396, 85.297201, 125.472199
10.991096, -566.836365, 249.140259, -145.339396, 85.297201, 125.472199
10.991096, -567.796631, 249.140259, -145.339396, 85.297201, 125.472199
10.991091, -614.396423, 249.140182, -145.339396, 85.297201, 125.472199
10.99102, -614.396423, 249.114609, -145.339454, 85.297201, 125.472142
10.991091, -614.396423, 249.065491, -145.339454, 85.297201, 125.472142
10.991091, -614.396423, 248.976013, -145.339454, 85.297201, 125.472142
10.991091, -614.396423, 248.834045, -145.339454, 85.297201, 125.472142
10.991091, -614.396423, 248.549408, -145.339454, 85.297201, 125.472142
10.991091, -614.396423, 247.618973, -145.339454, 85.297201, 125.472142
10.991091, -614.396423, 246.542389, -145.339454, 85.297201, 125.472142
10.991091, -614.396423, 245.582016, -145.339454, 85.297201, 125.472142
10.991091, -614.396423, 244.501587, -145.339454, 85.297201, 125.472142
10.991091, -614.396423, 243.421158, -145.339454, 85.297201, 125.472142
10.991091, -614.396423, 242.46077, -145.339454, 85.297201, 125.472142
10.991091, -614.396423, 241.620438, -145.339454, 85.297201, 125.472142
10.991091, -614.396423, 240.540009, -145.339454, 85.297201, 125.472142
10.991091, -614.396423, 239.699677, -145.339454, 85.297201, 125.472142
10.991091, -614.396423, 238.739288, -145.339454, 85.297201, 125.472142
10.991091, -614.396423, 237.778915, -145.339454, 85.297201, 125.472142
10.991091, -614.396423, 236.458389, -145.339454, 85.297201, 125.472142
10.991091, -614.396423, 235.618057, -145.339454, 85.297201, 125.472142
10.991091, -614.396423, 234.545486, -145.339454, 85.297201, 125.472142
10.991091, -614.396423, 233.731079, -145.339454, 85.297201, 125.472142
10.991091, -614.396423, 233.269424, -145.339454, 85.297201, 125.472142
10.991057, -614.396423, 233.145035, -145.339396, 85.297201, 125.472142
10.991117, -614.412476, 233.140228, -145.339282, 85.297201, 125.472314
10.991093, -614.60144, 233.140259, -145.339396, 85.297201, 125.472199
10.991095, -615.165344, 233.140259, -145.339396, 85.297201, 125.472199
10.991096, -616.034912, 233.140259, -145.339396, 85.297201, 125.472199
10.991096, -617.113708, 233.140259, -145.339396, 85.297201, 125.472199
10.991096, -618.073975, 233.140259, -145.339396, 85.297201, 125.472199
10.991096, -619.034241, 233.140259, -145.339396, 85.297201, 125.472199
10.991096, -620.114563, 233.140259, -145.339396, 85.297201, 125.472199
10.991096, -620.954773, 233.140259, -145.339396, 85.297201, 125.472199
10.991096, -622.15509, 233.140259, -145.339396, 85.297201, 125.472199
10.991096, -622.995361, 233.140259, -145.339396, 85.297201, 125.472199
10.991096, -624.075623, 233.140259, -145.339396, 85.297201, 125.472199
10.991096, -625.035889, 233.140259, -145.339396, 85.297201, 125.472199
10.991096, -626.116211, 233.140259, -145.339396, 85.297201, 125.472199
10.991096, -627.076477, 233.140259, -145.339396, 85.297201, 125.472199
10.991096, -628.156738, 233.140259, -145.339396, 85.297201, 125.472199
10.991096, -629.117004, 233.140259, -145.339396, 85.297201, 125.472199
10.991096, -630.077271, 233.140259, -145.339396, 85.297201, 125.472199
10.991096, -631.157593, 233.140259, -145.339396, 85.297201, 125.472199
10.991096, -632.117859, 233.140259, -145.339396, 85.297201, 125.472199
10.991096, -633.078064, 233.140259, -145.339396, 85.297201, 125.472199
10.991096, -634.158386, 233.140259, -145.339396, 85.297201, 125.472199
10.991096, -635.118652, 233.140259, -145.339396, 85.297201, 125.472199
10.991096, -636.078918, 233.140259, -145.339396, 85.297201, 125.472199
10.991096, -637.039185, 233.140259, -145.339396, 85.297201, 125.472199
10.991096, -638.105469, 233.140259, -145.339396, 85.297201, 125.472199
10.991095, -638.961243, 233.140259, -145.339396, 85.297201, 125.472199
10.991093, -639.296936, 233.140259, -145.339396, 85.297201, 125.472199
10.991111, -639.391602, 233.140228, -145.339282, 85.297201, 125.472257
10.99112, -639.412476, 233.140228, -145.339282, 85.297201, 125.472314
10.991093, -639.60144, 233.140259, -145.339396, 85.297201, 125.472199
10.991095, -640.261902, 233.140259, -145.339396, 85.297201, 125.472199
10.991096, -641.15387, 233.140259, -145.339396, 85.297201, 125.472199
10.991096, -642.233765, 233.140259, -145.339396, 85.297201, 125.472199
10.991096, -643.194031, 233.140259, -145.339396, 85.297201, 125.472199
10.991096, -644.274292, 233.140259, -145.339396, 85.297201, 125.472199
10.991096, -645.114563, 233.140259, -145.339396, 85.297201, 125.472199
10.991096, -646.194824, 233.140259, -145.339396, 85.297201, 125.472199
10.991096, -647.15509, 233.140259, -145.339396, 85.297201, 125.472199
10.991096, -648.115356, 233.140259, -145.339396, 85.297201, 125.472199
10.991096, -649.195679, 233.140259, -145.339396, 85.297201, 125.472199
10.991096, -650.155945, 233.140259, -145.339396, 85.297201, 125.472199
10.991096, -651.116211, 233.140259, -145.339396, 85.297201, 125.472199
10.991096, -652.196472, 233.140259, -145.339396, 85.297201, 125.472199
10.991096, -653.156738, 233.140259, -145.339396, 85.297201, 125.472199
10.991096, -654.117004, 233.140259, -145.339396, 85.297201, 125.472199
10.991096, -655.197327, 233.140259, -145.339396, 85.297201, 125.472199
10.991096, -656.277588, 233.140259, -145.339396, 85.297201, 125.472199
10.991096, -657.237854, 233.140259, -145.339396, 85.297201, 125.472199
10.991096, -658.19812, 233.140259, -145.339396, 85.297201, 125.472199
10.991096, -659.158386, 233.140259, -145.339396, 85.297201, 125.472199
10.991096, -660.238708, 233.140259, -145.339396, 85.297201, 125.472199
10.991096, -661.198975, 233.140259, -145.339396, 85.297201, 125.472199
10.991096, -662.15918, 233.140259, -145.339396, 85.297201, 125.472199
10.991096, -663.216797, 233.140259, -145.339396, 85.297201, 125.472199
10.991095, -663.961243, 233.140259, -145.339396, 85.297201, 125.472199
10.991092, -664.321655, 233.140259, -145.339396, 85.297201, 125.472199
10.991094, -664.396301, 233.140244, -145.339396, 85.297201, 125.472199
10.991124, -664.412476, 233.140228, -145.339282, 85.297201, 125.472314
10.991093, -664.648621, 233.140259, -145.339396, 85.297201, 125.472199
10.991096, -665.362854, 233.140259, -145.339396, 85.297201, 125.472199
10.991096, -666.273499, 233.140259, -145.339396, 85.297201, 125.472199
10.991096, -667.233765, 233.140259, -145.339396, 85.297201, 125.472199
10.991096, -668.314026, 233.140259, -145.339396, 85.297201, 125.472199
10.991096, -669.274292, 233.140259, -145.339396, 85.297201, 125.472199
10.991096, -670.234558, 233.140259, -145.339396, 85.297201, 125.472199
10.991096, -671.31488, 233.140259, -145.339396, 85.297201, 125.472199
10.991096, -672.15509, 233.140259, -145.339396, 85.297201, 125.472199
10.991096, -673.235413, 233.140259, -145.339396, 85.297201, 125.472199
10.991096, -674.315674, 233.140259, -145.339396, 85.297201, 125.472199
10.991096, -675.27594, 233.140259, -145.339396, 85.297201, 125.472199
10.991096, -676.356262, 233.140259, -145.339396, 85.297201, 125.472199
10.991096, -677.316528, 233.140259, -145.339396, 85.297201, 125.472199
10.991096, -678.276794, 233.140259, -145.339396, 85.297201, 125.472199
10.991096, -679.357056, 233.140259, -145.339396, 85.297201, 125.472199
10.991096, -680.317322, 233.140259, -145.339396, 85.297201, 125.472199
10.991096, -681.277588, 233.140259, -145.339396, 85.297201, 125.472199
10.991096, -682.35791, 233.140259, -145.339396, 85.297201, 125.472199
10.991096, -683.318176, 233.140259, -145.339396, 85.297201, 125.472199
10.991096, -684.278442, 233.140259, -145.339396, 85.297201, 125.472199
10.991096, -685.358704, 233.140259, -145.339396, 85.297201, 125.472199
10.991096, -686.31897, 233.140259, -145.339396, 85.297201, 125.472199
10.991096, -687.399292, 233.140259, -145.339396, 85.297201, 125.472199
10.991096, -688.325134, 233.140259, -145.339396, 85.297201, 125.472199
10.991094, -689.029297, 233.140259, -145.339396, 85.297201, 125.472199
10.991092, -689.341919, 233.140259, -145.339396, 85.297201, 125.472199
10.991095, -689.396301, 233.140244, -145.339396, 85.297201, 125.472199
10.991144, -689.421997, 233.140213, -145.339167, 85.297201, 125.472429
10.991094, -689.648621, 233.140259, -145.339396, 85.297201, 125.472199
10.991096, -690.362854, 233.140259, -145.339396, 85.297201, 125.472199
10.991096, -691.273499, 233.140259, -145.339396, 85.297201, 125.472199
10.991096, -692.35376, 233.140259, -145.339396, 85.297201, 125.472199
10.991096, -693.314026, 233.140259, -145.339396, 85.297201, 125.472199
10.991096, -694.394348, 233.140259, -145.339396, 85.297201, 125.472199
10.991096, -695.354614, 233.140259, -145.339396, 85.297201, 125.472199
10.991096, -696.31488, 233.140259, -145.339396, 85.297201, 125.472199
10.991096, -697.395142, 233.140259, -145.339396, 85.297201, 125.472199
10.991096, -698.355408, 233.140259, -145.339396, 85.297201, 125.472199
10.991096, -699.315674, 233.140259, -145.339396, 85.297201, 125.472199
10.991096, -700.395996, 233.140259, -145.339396, 85.297201, 125.472199
10.991096, -701.356262, 233.140259, -145.339396, 85.297201, 125.472199
10.991096, -702.316528, 233.140259, -145.339396, 85.297201, 125.472199
10.991096, -703.39679, 233.140259, -145.339396, 85.297201, 125.472199
10.991096, -704.597168, 233.140259, -145.339396, 85.297201, 125.472199
10.991096, -705.197327, 233.140259, -145.339396, 85.297201, 125.472199
10.991096, -706.397644, 233.140259, -145.339396, 85.297201, 125.472199
10.991096, -707.35791, 233.140259, -145.339396, 85.297201, 125.472199
10.991096, -708.438171, 233.140259, -145.339396, 85.297201, 125.472199
10.991096, -709.398438, 233.140259, -145.339396, 85.297201, 125.472199
10.991096, -710.358704, 233.140259, -145.339396, 85.297201, 125.472199
10.991096, -711.439026, 233.140259, -145.339396, 85.297201, 125.472199
10.991096, -712.399292, 233.140259, -145.339396, 85.297201, 125.472199
10.991096, -713.325134, 233.140259, -145.339396, 85.297201, 125.472199
10.991094, -714.090332, 233.140259, -145.339396, 85.297201, 125.472199
10.991092, -714.358154, 233.140259, -145.339396, 85.297201, 125.472199
10.991095, -714.396301, 233.140244, -145.339396, 85.297201, 125.472199
10.991129, -714.396362, 233.178513, -145.339396, 85.297201, 125.472199
10.991092, -714.396423, 233.507492, -145.339396, 85.297201, 125.472199
10.991093, -714.396423, 234.211868, -145.339396, 85.297201, 125.472199
10.991093, -714.396423, 235.257904, -145.339396, 85.297201, 125.472199
10.991093, -714.396423, 236.218292, -145.339396, 85.297201, 125.472199
10.991093, -714.396423, 237.17868, -145.339396, 85.297201, 125.472199
10.991093, -714.396423, 238.139053, -145.339396, 85.297201, 125.472199
10.991093, -714.396423, 239.219482, -145.339396, 85.297201, 125.472199
10.991121, -714.396362, 249.124084, -145.339396, 85.297201, 125.472199
10.9911, -714.396423, 249.138229, -145.339396, 85.297201, 125.472199
10.991092, -714.396484, 249.140244, -145.339396, 85.297201, 125.472199
10.991118, -714.405701, 249.140228, -145.339282, 85.297201, 125.472314
10.991092, -714.434692, 249.140244, -145.339396, 85.297201, 125.472199
10.991093, -714.49585, 249.140259, -145.339396, 85.297201, 125.472199
10.991094, -714.702515, 249.140259, -145.339396, 85.297201, 125.472199
10.991096, -715.575989, 249.140259, -145.339396, 85.297201, 125.472199
10.991096, -716.51355, 249.140259, -145.339396, 85.297201, 125.472199
10.991096, -717.473816, 249.140259, -145.339396, 85.297201, 125.472199
10.991096, -718.554138, 249.140259, -145.339396, 85.297201, 125.472199
10.991096, -719.514404, 249.140259, -145.339396, 85.297201, 125.472199
10.991096, -720.474609, 249.140259, -145.339396, 85.297201, 125.472199
10.991096, -721.554932, 249.140259, -145.339396, 85.297201, 125.472199
10.991096, -722.515198, 249.140259, -145.339396, 85.297201, 125.472199
10.991096, -723.475464, 249.140259, -145.339396, 85.297201, 125.472199
10.991096, -724.555786, 249.140259, -145.339396, 85.297201, 125.472199
10.991096, -725.636047, 249.140259, -145.339396, 85.297201, 125.472199
10.991096, -726.476257, 249.140259, -145.339396, 85.297201, 125.472199
10.991096, -727.55658, 249.140259, -145.339396, 85.297201, 125.472199
10.991096, -728.516846, 249.140259, -145.339396, 85.297201, 125.472199
10.991095, -739.090332, 249.140259, -145.339396, 85.297201, 125.472199
10.991093, -739.267273, 249.140259, -145.339396, 85.297201, 125.472199
10.991092, -739.341919, 249.140259, -145.339396, 85.297201, 125.472199
10.99116, -739.380188, 249.140198, -145.339167, 85.297201, 125.472429
10.991112, -739.394348, 249.140244, -145.339339, 85.297201, 125.472257
10.991093, -739.396484, 249.140244, -145.339396, 85.297201, 125.472199
10.991092, -739.450867, 249.140259, -145.339396, 85.297201, 125.472199
10.991095, -739.906189, 249.140259, -145.339396, 85.297201, 125.472199
10.991097, -740.801208, 249.140259, -145.339396, 85.297201, 125.472199
10.991097, -741.633606, 249.140259, -145.339396, 85.297201, 125.472199
10.991097, -742.713867, 249.140259, -145.339396, 85.297201, 125.472199
10.991097, -743.554138, 249.140259, -145.339396, 85.297201, 125.472199
10.991097, -744.754456, 249.140259, -145.339396, 85.297201, 125.472199
10.991097, -745.714722, 249.140259, -145.339396, 85.297201, 125.472199
10.991097, -746.674988, 249.140259, -145.339396, 85.297201, 125.472199
10.991097, -747.635254, 249.140259, -145.339396, 85.297201, 125.472199
10.991097, -748.59552, 249.140259, -145.339396, 85.297201, 125.472199
10.991097, -749.675781, 249.140259, -145.339396, 85.297201, 125.472199
10.991097, -750.636047, 249.140259, -145.339396, 85.297201, 125.472199
10.991097, -751.596313, 249.140259, -145.339396, 85.297201, 125.472199
10.991097, -752.676636, 249.140259, -145.339396, 85.297201, 125.472199
10.991098, -758.798279, 249.140259, -145.339396, 85.297201, 125.472199
10.991098, -759.158386, 249.140259, -145.339396, 85.297201, 125.472199
10.991098, -759.518494, 249.140259, -145.339396, 85.297201, 125.472199
10.991098, -759.878601, 249.140259, -145.339396, 85.297201, 125.472199
10.991098, -760.238708, 249.140259, -145.339396, 85.297201, 125.472199
10.991098, -760.718811, 249.140259, -145.339396, 85.297201, 125.472199
10.991098, -761.679077, 249.140259, -145.339396, 85.297201, 125.472199
10.991098, -762.757874, 249.140259, -145.339396, 85.297201, 125.472199
11.273843, -760.465637, 248.768921, -145.642892, 85.257266, 125.19231
13.443748, -760.461792, 248.768326, -145.646731, 85.257495, 125.35205
18.759212, -760.426208, 248.766968, -145.656242, 85.258011, 125.743208
27.20919, -760.293091, 248.764999, -145.671311, 85.25887, 126.365097
37.195698, -760.014587, 248.762985, -145.689187, 85.259959, 127.10003
44.869198, -759.711304, 248.761688, -145.702938, 85.260761, 127.664794
49.740173, -759.478455, 248.760971, -145.711704, 85.261334, 128.023409
50.831272, -759.421997, 248.760818, -145.71371, 85.261448, 128.103737
50.83292, -759.421936, 248.760818, -145.71371, 85.261448, 128.103852
50.83292, -759.421936, 248.760818, -145.71371, 85.261448, 128.103852
50.83292, -759.421936, 248.760818, -145.71371, 85.261448, 128.103852
50.83292, -759.421936, 248.760818, -145.71371, 85.261448, 128.103852
50.83292, -759.421936, 248.760818, -145.71371, 85.261448, 128.103852
50.83292, -759.421936, 248.760818, -145.71371, 85.261448, 128.103852
50.83292, -759.421936, 248.760818, -145.71371, 85.261448, 128.103852
50.83292, -759.421936, 248.760818, -145.71371, 85.261448, 128.103852
50.83292, -759.421936, 248.760818, -145.71371, 85.261448, 128.103852
50.83292, -759.421936, 248.760818, -145.71371, 85.261448, 128.103852
50.83292, -759.421936, 248.760818, -145.71371, 85.261448, 128.103852
50.83292, -759.421936, 248.760818, -145.71371, 85.261448, 128.103852
50.83292, -759.421936, 248.760818, -145.71371, 85.261448, 128.103852
50.83292, -759.421936, 248.760818, -145.71371, 85.261448, 128.103852
50.83292, -759.421936, 248.760818, -145.71371, 85.261448, 128.103852
50.83292, -759.421936, 248.760818, -145.71371, 85.261448, 128.103852
50.83292, -759.421936, 248.760818, -145.71371, 85.261448, 128.103852
50.83292, -759.421936, 248.760818, -145.71371, 85.261448, 128.103852
50.83292, -759.421936, 248.760818, -145.71371, 85.261448, 128.103852
50.83292, -759.421936, 248.760818, -145.71371, 85.261448, 128.103852
50.83292, -759.421936, 248.760818, -145.71371, 85.261448, 128.103852
50.83292, -759.421936, 248.760818, -145.71371, 85.261448, 128.103852
50.83292, -759.421936, 248.760818, -145.71371, 85.261448, 128.103852
50.83292, -759.421936, 248.760818, -145.71371, 85.261448, 128.103852
50.83292, -759.421936, 248.760818, -145.71371, 85.261448, 128.103852
50.83292, -759.421936, 248.760818, -145.71371, 85.261448, 128.103852
50.83292, -759.421936, 248.760818, -145.71371, 85.261448, 128.103852
50.83292, -759.421936, 248.760818, -145.71371, 85.261448, 128.103852
50.83292, -759.421936, 248.760818, -145.71371, 85.261448, 128.103852
50.83292, -759.421936, 248.760818, -145.71371, 85.261448, 128.103852
50.83292, -759.421936, 248.760818, -145.71371, 85.261448, 128.103852
50.83292, -759.421936, 248.760818, -145.71371, 85.261448, 128.103852
50.83292, -759.421936, 248.760818, -145.71371, 85.261448, 128.103852
50.83292, -759.421936, 248.760818, -145.71371, 85.261448, 128.103852
50.83292, -759.421936, 248.760818, -145.71371, 85.261448, 128.103852
50.83292, -759.421936, 248.760818, -145.71371, 85.261448, 128.103852
50.83292, -759.421936, 248.760818, -145.71371, 85.261448, 128.103852
50.83292, -759.421936, 248.760818, -145.71371, 85.261448, 128.103852
50.83292, -759.421936, 248.760818, -145.71371, 85.261448, 128.103852
50.83292, -759.421936, 248.760818, -145.71371, 85.261448, 128.103852
50.83292, -759.421936, 248.760818, -145.71371, 85.261448, 128.103852
50.83292, -759.421936, 248.760818, -145.71371, 85.261448, 128.103852
50.83292, -759.421936, 248.760818, -145.71371, 85.261448, 128.103852
50.83292, -759.421936, 248.760818, -145.71371, 85.261448, 128.103852
50.83292, -759.421936, 248.760818, -145.71371, 85.261448, 128.103852
50.83292, -759.421936, 248.760818, -145.71371, 85.261448, 128.103852
50.83292, -759.421936, 248.760818, -145.71371, 85.261448, 128.103852
50.83292, -759.421936, 248.760818, -145.71371, 85.261448, 128.103852
50.83292, -759.421936, 248.760818, -145.71371, 85.261448, 128.103852
50.83292, -759.421936, 248.760818, -145.71371, 85.261448, 128.103852
50.83292, -759.421936, 248.760818, -145.71371, 85.261448, 128.103852
50.83292, -759.421936, 248.760818, -145.71371, 85.261448, 128.103852
50.83292, -759.421936, 248.760818, -145.71371, 85.261448, 128.103852
50.83292, -759.421936, 248.760818, -145.71371, 85.261448, 128.103852
50.83292, -759.421936, 248.760818, -145.71371, 85.261448, 128.103852
50.83292, -759.421936, 248.760818, -145.71371, 85.261448, 128.103852
50.83292, -759.421936, 248.760818, -145.71371, 85.261448, 128.103852
50.83292, -759.421936, 248.760818, -145.71371, 85.261448, 128.103852
