10.991091, -409.396393, 361.140259, -145.339396, 85.297201, 125.472142
10.991091, -409.396393, 361.140259, -145.339396, 85.297201, 125.472142
10.991091, -409.396393, 361.140259, -145.339396, 85.297201, 125.472142
10.991091, -409.396393, 361.140259, -145.339396, 85.297201, 125.472142
10.991091, -409.396393, 361.140259, -145.339396, 85.297201, 125.472142
10.991091, -409.396393, 361.140259, -145.339396, 85.297201, 125.472142
10.991091, -409.396393, 361.140259, -145.339396, 85.297201, 125.472142
10.991091, -409.396393, 361.140259, -145.339396, 85.297201, 125.472142
10.991091, -409.396393, 361.140259, -145.339396, 85.297201, 125.472142
10.991091, -409.396393, 361.140259, -145.339396, 85.297201, 125.472142
10.991091, -409.396393, 361.140259, -145.339396, 85.297201, 125.472142
10.991091, -409.396393, 361.140259, -145.339396, 85.297201, 125.472142
10.991091, -409.396393, 361.140259, -145.339396, 85.297201, 125.472142
10.991091, -409.396393, 361.140259, -145.339396, 85.297201, 125.472142
10.991091, -409.396393, 361.140259, -145.339396, 85.297201, 125.472142
10.991091, -409.396393, 361.140259, -145.339396, 85.297201, 125.472142
10.991091, -409.396393, 361.140259, -145.339396, 85.297201, 125.472142
10.991091, -409.396393, 361.140259, -145.339396, 85.297201, 125.472142
10.991091, -409.396393, 361.140259, -145.339396, 85.297201, 125.472142
10.991091, -409.396393, 361.140259, -145.339396, 85.297201, 125.472142
10.991082, -419.396332, 361.140259, -145.339396, 85.297201, 125.472142
10.972907, -419.396393, 361.12207, -145.339396, 85.297201, 125.472142
10.938078, -419.396393, 361.08725, -145.339396, 85.297201, 125.472142
10.874622, -419.396393, 361.023773, -145.339396, 85.297201, 125.472142
10.730674, -419.396393, 360.879852, -145.339396, 85.297201, 125.472142
10.57218, -419.396393, 360.721344, -145.339396, 85.297201, 125.472142
10.154814, -419.396393, 360.303986, -145.339396, 85.297201, 125.472142
9.236051, -419.396393, 359.385223, -145.339454, 85.297201, 125.472142
8.64129, -419.396393, 358.790466, -145.339454, 85.297201, 125.472142
7.876596, -419.396393, 358.025787, -145.339454, 85.297201, 125.472142
7.111904, -419.396393, 357.261078, -145.339454, 85.297201, 125.472142
6.517142, -419.396393, 356.666321, -145.339454, 85.297201, 125.472142
5.922381, -419.396393, 356.071564, -145.339454, 85.297201, 125.472142
5.072722, -419.396393, 355.221893, -145.339454, 85.297201, 125.472142
4.30803, -419.396393, 354.457214, -145.339454, 85.297201, 125.472142
3.628303, -419.396393, 353.777466, -145.339454, 85.297201, 125.472142
2.86361, -419.396393, 353.012787, -145.339454, 85.297201, 125.472142
2.268849, -419.396393, 352.41803, -145.339454, 85.297201, 125.472142
1.589122, -419.396393, 351.738312, -145.339454, 85.297201, 125.472142
0.909395, -419.396393, 351.058563, -145.339454, 85.297201, 125.472142
0.144702, -419.396393, 350.293884, -145.339454, 85.297201, 125.472142
-5.008917, -429.396332, 345.140259, -145.339396, 85.297201, 125.472142
-5.020451, -429.396332, 345.128815, -145.339568, 85.297201, 125.472028
-5.047555, -429.396393, 345.101593, -145.339454, 85.297201, 125.472142
-5.100514, -429.396393, 345.048645, -145.339454, 85.297201, 125.472142
-5.187823, -429.396393, 344.961334, -145.339454, 85.297201, 125.472142
-5.370525, -429.396393, 344.778625, -145.339454, 85.297201, 125.472142
-5.622631, -429.396393, 344.52655, -145.339454, 85.297201, 125.472142
-6.424078, -429.396423, 343.725098, -145.339454, 85.297201, 125.472142
-7.103805, -429.396423, 343.04538, -145.339454, 85.297201, 125.472142
-7.783532, -429.396423, 342.365631, -145.339454, 85.297201, 125.472142
-8.63319, -429.396423, 341.515991, -145.339454, 85.297201, 125.472142
-9.227952, -429.396423, 340.921204, -145.339454, 85.297201, 125.472142
-9.992644, -429.396423, 340.156525, -145.339454, 85.297201, 125.472142
-10.587405, -429.396423, 339.561768, -145.339454, 85.297201, 125.472142
-11.267133, -429.396423, 338.88205, -145.339454, 85.297201, 125.472142
-11.946859, -429.396423, 338.202301, -145.339454, 85.297201, 125.472142
-12.626587, -429.396423, 337.522583, -145.339454, 85.297201, 125.472142
-13.391279, -429.396423, 336.757904, -145.339454, 85.297201, 125.472142
-14.071007, -429.396423, 336.078156, -145.339454, 85.297201, 125.472142
-14.750733, -429.396423, 335.398438, -145.339454, 85.297201, 125.472142
-15.515427, -429.396423, 334.633728, -145.339454, 85.297201, 125.472142
-21.008915, -439.396332, 329.140259, -145.339396, 85.297201, 125.472199
-21.012348, -439.396393, 329.136871, -145.339454, 85.297201, 125.472085
-21.036051, -439.396393, 329.113098, -145.339454, 85.297201, 125.472142
-21.079468, -439.396393, 329.069702, -145.339454, 85.297201, 125.472142
-21.154371, -439.396393, 328.994781, -145.339454, 85.297201, 125.472142
-21.269321, -439.396393, 328.879852, -145.339454, 85.297201, 125.472142
-21.694153, -439.396423, 328.455017, -145.339454, 85.297201, 125.472142
-22.509041, -439.396423, 327.640137, -145.339454, 85.297201, 125.472142
-23.103802, -439.396423, 327.04538, -145.339454, 85.297201, 125.472142
-23.868494, -439.396423, 326.28067, -145.339454, 85.297201, 125.472142
-24.548222, -439.396423, 325.600952, -145.339454, 85.297201, 125.472142
-25.312914, -439.396423, 324.836243, -145.339454, 85.297201, 125.472142
-25.992641, -439.396423, 324.156525, -145.339454, 85.297201, 125.472142
-26.672369, -439.396423, 323.476807, -145.339454, 85.297201, 125.472142
-27.352095, -439.396423, 322.797058, -145.339454, 85.297201, 125.472142
-28.201754, -439.396423, 321.947418, -145.339454, 85.297201, 125.472142
-28.881481, -439.396423, 321.2677, -145.339454, 85.297201, 125.472142
-29.561209, -439.396423, 320.587952, -145.339454, 85.297201, 125.472142
-30.240936, -439.396423, 319.908234, -145.339454, 85.297201, 125.472142
-31.005629, -439.396423, 319.143524, -145.339454, 85.297201, 125.472142
-31.770321, -439.396423, 318.378845, -145.339454, 85.297201, 125.472142
-37.008911, -449.396332, 313.140259, -145.339396, 85.297201, 125.472199
-37.012348, -449.396393, 313.136841, -145.339454, 85.297201, 125.472142
-37.027092, -449.396393, 313.12207, -145.339454, 85.297201, 125.472142
-37.06192, -449.396393, 313.08725, -145.339454, 85.297201, 125.472142
-37.154373, -449.396393, 312.994781, -145.339454, 85.297201, 125.472142
-37.269321, -449.396423, 312.879852, -145.339454, 85.297201, 125.472142
-37.554184, -449.396423, 312.594971, -145.339454, 85.297201, 125.472142
-38.339123, -449.396423, 311.810028, -145.339454, 85.297201, 125.472142
-39.018833, -449.396423, 311.130341, -145.339454, 85.297201, 125.472142
-39.698563, -449.396423, 310.450592, -145.339454, 85.297201, 125.472142
-40.463253, -449.396423, 309.685913, -145.339454, 85.297201, 125.472142
-41.142982, -449.396423, 309.006195, -145.339454, 85.297201, 125.472142
-41.992641, -449.396423, 308.156525, -145.339454, 85.297201, 125.472142
-42.672367, -449.396423, 307.476807, -145.339454, 85.297201, 125.472142
-43.267128, -449.396423, 306.88205, -145.339454, 85.297201, 125.472142
-43.861889, -449.396423, 306.287262, -145.339454, 85.297201, 125.472142
-44.541618, -449.396423, 305.607544, -145.339454, 85.297201, 125.472142
-45.306309, -449.396423, 304.842865, -145.339454, 85.297201, 125.472142
-45.986038, -449.396423, 304.163116, -145.339454, 85.297201, 125.472142
-46.665764, -449.396423, 303.483398, -145.339454, 85.297201, 125.472142
-47.515423, -449.396423, 302.633759, -145.339454, 85.297201, 125.472142
-53.008911, -459.396332, 297.140259, -145.339396, 85.297201, 125.472199
-53.008911, -459.396393, 297.124115, -145.339454, 85.297201, 125.472142
-53.008911, -459.396393, 297.085754, -145.339454, 85.297201, 125.472142
-53.008911, -459.396393, 297.011078, -145.339454, 85.297201, 125.472142
-53.008911, -459.396423, 296.887939, -145.339454, 85.297201, 125.472142
-53.008915, -459.396423, 296.630249, -145.339454, 85.297201, 125.472142
-53.008915, -459.396423, 296.371063, -145.339454, 85.297201, 125.472142
-53.008919, -459.396423, 295.382355, -145.339511, 85.297201, 125.472085
-53.008919, -459.396423, 294.422333, -145.339511, 85.297201, 125.472085
-53.008919, -459.396423, 293.341919, -145.339511, 85.297201, 125.472085
-53.008919, -459.396423, 292.381531, -145.339511, 85.297201, 125.472085
-53.008919, -459.396423, 291.301117, -145.339511, 85.297201, 125.472085
-53.008919, -459.396423, 290.340729, -145.339511, 85.297201, 125.472085
-53.008919, -459.396423, 289.500397, -145.339511, 85.297201, 125.472085
-53.008919, -459.396423, 288.540009, -145.339511, 85.297201, 125.472085
-53.008919, -459.396423, 287.339539, -145.339511, 85.297201, 125.472085
-53.008919, -459.396423, 286.499207, -145.339511, 85.297201, 125.472085
-53.008919, -459.396423, 285.298706, -145.339511, 85.297201, 125.472085
-53.008919, -459.396423, 284.218292, -145.339511, 85.297201, 125.472085
-53.008919, -459.396423, 283.257904, -145.339511, 85.297201, 125.472085
-53.008919, -459.396423, 282.32019, -145.339454, 85.297201, 125.472085
-53.008907, -469.396332, 281.140259, -145.339396, 85.297201, 125.472199
-53.008911, -469.396393, 281.124115, -145.339454, 85.297201, 125.472142
-53.008911, -469.396393, 281.065491, -145.339454, 85.297201, 125.472142
-53.008911, -469.396393, 280.976013, -145.339454, 85.297201, 125.472142
-53.008915, -469.396423, 280.834045, -145.339454, 85.297201, 125.472142
-53.008915, -469.396423, 280.630249, -145.339454, 85.297201, 125.472142
-53.008915, -469.396423, 280.173492, -145.339454, 85.297201, 125.472142
-53.008919, -469.396423, 279.142639, -145.339454, 85.297201, 125.472085
-53.008919, -469.396423, 278.062195, -145.339454, 85.297201, 125.472085
-53.008919, -469.396423, 277.101807, -145.339454, 85.297201, 125.472085
-53.008919, -469.396423, 276.021393, -145.339454, 85.297201, 125.472085
-53.008919, -469.396423, 275.061005, -145.339454, 85.297201, 125.472085
-53.008919, -469.396423, 274.100616, -145.339454, 85.297201, 125.472085
-53.008919, -469.396423, 273.260284, -145.339454, 85.297201, 125.472085
-53.008919, -469.396423, 272.179871, -145.339454, 85.297201, 125.472085
-53.008919, -469.396423, 271.219482, -145.339454, 85.297201, 125.472142
-53.008919, -469.396423, 270.019012, -145.339454, 85.297201, 125.472142
-53.008919, -469.396423, 269.058624, -145.339454, 85.297201, 125.472142
-53.008919, -469.396423, 268.098236, -145.339454, 85.297201, 125.472142
-53.008919, -469.396423, 267.017822, -145.339454, 85.297201, 125.472142
-53.008919, -469.396423, 266.106995, -145.339454, 85.297201, 125.472142
-53.008907, -479.396332, 265.140259, -145.339396, 85.297201, 125.472199
-53.008965, -479.396423, 265.135468, -145.339454, 85.297201, 125.472142
-53.008911, -479.396393, 265.114594, -145.339454, 85.297201, 125.472142
-53.008911, -479.396393, 265.040741, -145.339454, 85.297201, 125.472142
-53.008911, -479.396423, 264.93512, -145.339454, 85.297201, 125.472142
-53.008915, -479.396423, 264.630249, -145.339454, 85.297201, 125.472142
-53.008915, -479.396423, 264.068634, -145.339454, 85.297201, 125.472142
-53.008919, -479.396423, 263.022583, -145.339454, 85.297201, 125.472142
-53.008919, -479.396423, 261.942139, -145.339454, 85.297201, 125.472142
-53.008919, -479.396423, 260.981781, -145.339454, 85.297201, 125.472142
-53.008919, -479.396423, 260.021393, -145.339454, 85.297201, 125.472142
-53.008919, -479.396423, 258.940948, -145.339454, 85.297201, 125.472142
-53.008919, -479.396423, 257.980591, -145.339454, 85.297201, 125.472142
-53.008919, -479.396423, 257.020203, -145.339454, 85.297201, 125.472142
-53.008919, -479.396423, 256.059814, -145.339454, 85.297201, 125.472142
-53.008919, -479.396423, 255.099426, -145.339454, 85.297201, 125.472142
-53.008919, -479.396423, 254.139053, -145.339454, 85.297201, 125.472142
-53.008919, -479.396423, 253.058624, -145.339454, 85.297201, 125.472142
-53.008919, -479.396423, 251.978195, -145.339454, 85.297201, 125.472142
-53.008919, -479.396423, 251.017838, -145.339454, 85.297201, 125.472142
-53.008915, -479.396423, 250.106995, -145.339454, 85.297201, 125.472142
-53.008911, -479.396423, 249.392548, -145.339454, 85.297201, 125.472142
-53.008911, -479.396393, 249.178528, -145.339454, 85.297201, 125.472142
-53.008907, -479.397003, 249.140244, -145.339396, 85.297201, 125.472199
-53.008831, -479.4711, 249.140228, -145.338995, 85.297201, 125.472601
-53.008904, -479.831573, 249.140259, -145.339396, 85.297201, 125.472199
-53.0089, -480.687347, 249.140259, -145.339396, 85.297201, 125.472199
-53.0089, -481.633606, 249.140259, -145.339396, 85.297201, 125.472199
-53.0089, -482.953949, 249.140259, -145.339396, 85.297201, 125.472199
-53.0089, -483.554108, 249.140259, -145.339396, 85.297201, 125.472199
-53.0089, -484.754456, 249.140259, -145.339396, 85.297201, 125.472199
-53.0089, -485.834747, 249.140259, -145.339396, 85.297201, 125.472199
-53.0089, -486.554932, 249.140259, -145.339396, 85.297201, 125.472199
-53.0089, -487.635223, 249.140259, -145.339396, 85.297201, 125.472199
-53.0089, -488.835571, 249.140259, -145.339396, 85.297201, 125.472199
-53.0089, -489.915863, 249.140259, -145.339396, 85.297201, 125.472199
-53.0089, -490.996155, 249.140259, -145.339396, 85.297201, 125.472199
-53.0089, -491.956421, 249.140259, -145.339396, 85.297201, 125.472199
-53.0089, -492.796661, 249.140259, -145.339396, 85.297201, 125.472199
-53.0089, -493.756897, 249.140259, -145.339396, 85.297201, 125.472199
-53.0089, -494.477112, 249.140259, -145.339396, 85.297201, 125.472199
-53.0089, -495.437378, 249.140259, -145.339396, 85.297201, 125.472199
-53.0089, -496.637695, 249.140259, -145.339396, 85.297201, 125.472199
-53.0089, -497.597961, 249.140259, -145.339396, 85.297201, 125.472199
-53.008904, -498.678253, 249.140259, -145.339396, 85.297201, 125.472199
-53.008904, -499.518494, 249.140259, -145.339396, 85.297201, 125.472199
-53.008904, -500.598785, 249.140259, -145.339396, 85.297201, 125.472199
-53.008904, -501.919159, 249.140259, -145.339396, 85.297201, 125.472199
-53.008904, -502.875549, 249.140259, -145.339396, 85.297201, 125.472199
-53.008904, -503.719269, 249.140259, -145.339396, 85.297201, 125.472199
-53.008907, -504.232239, 249.140259, -145.339396, 85.297201, 125.472199
-53.008865, -504.370728, 249.140228, -145.339167, 85.297201, 125.472429
-53.008907, -504.396484, 249.140244, -145.339396, 85.297201, 125.472199
-53.00885, -504.450836, 249.140228, -145.33911, 85.297201, 125.472486
-53.008904, -504.98703, 249.140259, -145.339396, 85.297201, 125.472199
-53.008904, -505.687347, 249.140259, -145.339396, 85.297201, 125.472199
-53.008904, -506.753632, 249.140259, -145.339396, 85.297201, 125.472199
-53.008904, -507.713898, 249.140259, -145.339396, 85.297201, 125.472199
-53.008904, -508.794189, 249.140259, -145.339396, 85.297201, 125.472199
-53.008904, -509.754456, 249.140259, -145.339396, 85.297201, 125.472199
-53.008904, -510.714722, 249.140259, -145.339396, 85.297201, 125.472199
-53.008904, -511.674957, 249.140259, -145.339396, 85.297201, 125.472199
-53.008904, -512.635254, 249.140259, -145.339396, 85.297201, 125.472199
-53.008904, -513.715515, 249.140259, -145.339396, 85.297201, 125.472199
-53.008904, -515.27594, 249.140259, -145.339396, 85.297201, 125.472199
-53.008904, -515.876099, 249.140259, -145.339396, 85.297201, 125.472199
-53.008904, -516.596313, 249.140259, -145.339396, 85.297201, 125.472199
-53.008904, -517.796631, 249.140259, -145.339396, 85.297201, 125.472199
-53.008904, -518.996948, 249.140259, -145.339396, 85.297201, 125.472199
-53.008904, -519.957214, 249.140259, -145.339396, 85.297201, 125.472199
-53.008904, -520.91748, 249.140259, -145.339396, 85.297201, 125.472199
-53.008904, -521.877747, 249.140259, -145.339396, 85.297201, 125.472199
-53.008904, -522.838013, 249.140259, -145.339396, 85.297201, 125.472199
-53.008904, -523.678284, 249.140259, -145.339396, 85.297201, 125.472199
-53.008904, -524.758545, 249.140259, -145.339396, 85.297201, 125.472199
-53.008904, -525.718811, 249.140259, -145.339396, 85.297201, 125.472199
-53.008904, -526.679077, 249.140259, -145.339396, 85.297201, 125.472199
-53.008904, -527.638977, 249.140259, -145.339396, 85.297201, 125.472199
-53.008904, -528.627502, 249.140259, -145.339396, 85.297201, 125.472199
-53.008907, -529.191345, 249.140259, -145.339396, 85.297201, 125.472199
-53.0089, -529.394348, 249.140244, -145.339339, 85.297201, 125.472199
-53.008892, -529.405701, 249.140244, -145.339339, 85.297201, 125.472257
-53.008907, -529.560608, 249.140259, -145.339396, 85.297201, 125.472199
-53.008904, -530.073547, 249.140259, -145.339396, 85.297201, 125.472199
-53.008904, -530.917236, 249.140259, -145.339396, 85.297201, 125.472199
-53.008904, -531.753601, 249.140259, -145.339396, 85.297201, 125.472199
-53.008904, -532.713867, 249.140259, -145.339396, 85.297201, 125.472199
-53.008904, -533.674133, 249.140259, -145.339396, 85.297201, 125.472199
-53.008904, -534.994507, 249.140259, -145.339396, 85.297201, 125.472199
-53.008904, -535.954773, 249.140259, -145.339396, 85.297201, 125.472199
-53.008904, -536.915039, 249.140259, -145.339396, 85.297201, 125.472199
-53.008904, -537.875305, 249.140259, -145.339396, 85.297201, 125.472199
-53.008904, -538.835571, 249.140259, -145.339396, 85.297201, 125.472199
-53.008904, -539.915833, 249.140259, -145.339396, 85.297201, 125.472199
-53.008904, -540.876099, 249.140259, -145.339396, 85.297201, 125.472199
-53.008904, -541.836365, 249.140259, -145.339396, 85.297201, 125.472199
-53.008904, -543.036743, 249.140259, -145.339396, 85.297201, 125.472199
-53.008904, -543.756897, 249.140259, -145.339396, 85.297201, 125.472199
-53.008904, -544.717163, 249.140259, -145.339396, 85.297201, 125.472199
-53.008904, -545.677429, 249.140259, -145.339396, 85.297201, 125.472199
-53.008904, -546.757751, 249.140259, -145.339396, 85.297201, 125.472199
-53.008904, -548.078125, 249.140259, -145.339396, 85.297201, 125.472199
-53.008904, -549.158386, 249.140259, -145.339396, 85.297201, 125.472199
-53.008904, -549.998596, 249.140259, -145.339396, 85.297201, 125.472199
-53.008904, -551.078918, 249.140259, -145.339396, 85.297201, 125.472199
-53.008904, -552.279236, 249.140259, -145.339396, 85.297201, 125.472199
-53.008904, -553.216797, 249.140259, -145.339396, 85.297201, 125.472199
-53.008904, -553.719238, 249.140259, -145.339396, 85.297201, 125.472199
-53.008907, -554.321655, 249.140259, -145.339396, 85.297201, 125.472199
-53.0089, -554.394348, 249.140244, -145.339339, 85.297201, 125.472199
-53.0089, -554.401184, 249.140244, -145.339339, 85.297201, 125.472199
-53.008907, -554.60144, 249.140259, -145.339396, 85.297201, 125.472199
-53.008904, -554.987, 249.140259, -145.339396, 85.297201, 125.472199
-53.008904, -555.801208, 249.140259, -145.339396, 85.297201, 125.472199
-53.008904, -556.993713, 249.140259, -145.339396, 85.297201, 125.472199
-53.008904, -558.194031, 249.140259, -145.339396, 85.297201, 125.472199
-53.008904, -559.274292, 249.140259, -145.339396, 85.297201, 125.472199
-53.008904, -559.874451, 249.140259, -145.339396, 85.297201, 125.472199
-53.008904, -561.074829, 249.140259, -145.339396, 85.297201, 125.472199
-53.008904, -561.915039, 249.140259, -145.339396, 85.297201, 125.472199
-53.008904, -562.755249, 249.140259, -145.339396, 85.297201, 125.472199
-53.008904, -563.835571, 249.140259, -145.339396, 85.297201, 125.472199
-53.008904, -565.27594, 249.140259, -145.339396, 85.297201, 125.472199
-53.008904, -566.236206, 249.140259, -145.339396, 85.297201, 125.472199
-53.008904, -567.196472, 249.140259, -145.339396, 85.297201, 125.472199
-53.008904, -568.156738, 249.140259, -145.339396, 85.297201, 125.472199
-53.008904, -569.117004, 249.140259, -145.339396, 85.297201, 125.472199
-53.008904, -569.837219, 249.140259, -145.339396, 85.297201, 125.472199
-53.008904, -570.91748, 249.140259, -145.339396, 85.297201, 125.472199
-53.008904, -572.237854, 249.140259, -145.339396, 85.297201, 125.472199
-53.008904, -572.838013, 249.140259, -145.339396, 85.297201, 125.472199
-53.008904, -574.158386, 249.140259, -145.339396, 85.297201, 125.472199
-53.008904, -574.998596, 249.140259, -145.339396, 85.297201, 125.472199
-53.008904, -576.078918, 249.140259, -145.339396, 85.297201, 125.472199
-53.008904, -577.159241, 249.140259, -145.339396, 85.297201, 125.472199
-53.008904, -577.991577, 249.140259, -145.339396, 85.297201, 125.472199
-53.008907, -578.886597, 249.140259, -145.339396, 85.297201, 125.472199
-53.008907, -579.296936, 249.140259, -145.339396, 85.297201, 125.472199
-53.0089, -579.394348, 249.140244, -145.339339, 85.297201, 125.472199
-53.008892, -579.405701, 249.140244, -145.339339, 85.297201, 125.472257
-53.008907, -579.60144, 249.140259, -145.339396, 85.297201, 125.472199
-53.008904, -580.073547, 249.140259, -145.339396, 85.297201, 125.472199
-53.008904, -580.917236, 249.140259, -145.339396, 85.297201, 125.472199
-53.008904, -582.113708, 249.140259, -145.339396, 85.297201, 125.472199
-53.008904, -583.194031, 249.140259, -145.339396, 85.297201, 125.472199
-53.008904, -583.914246, 249.140259, -145.339396, 85.297201, 125.472199
-53.008904, -584.994507, 249.140259, -145.339396, 85.297201, 125.472199
-53.008907, -639.396301, 249.140244, -145.339396, 85.297201, 125.472199
-53.008957, -639.396423, 249.1241, -145.339454, 85.297201, 125.472142
-53.009022, -639.396423, 249.085754, -145.339454, 85.297201, 125.472085
-53.008911, -639.396423, 249.011078, -145.339454, 85.297201, 125.472142
-53.008911, -639.396423, 248.887955, -145.339454, 85.297201, 125.472142
-53.008911, -639.396423, 248.630249, -145.339454, 85.297201, 125.472142
-53.008911, -639.396423, 248.274475, -145.339454, 85.297201, 125.472142
-53.008911, -639.396423, 247.735016, -145.339454, 85.297201, 125.472142
-53.008911, -639.396423, 246.542389, -145.339454, 85.297201, 125.472142
-53.008911, -639.396423, 245.582016, -145.339454, 85.297201, 125.472142
-53.008911, -639.396423, 244.621628, -145.339454, 85.297201, 125.472142
-53.008911, -639.396423, 243.541199, -145.339454, 85.297201, 125.472142
-53.008911, -639.396423, 242.580826, -145.339454, 85.297201, 125.472142
-53.008911, -639.396423, 241.620438, -145.339454, 85.297201, 125.472142
-53.008911, -639.396423, 240.540009, -145.339454, 85.297201, 125.472142
-53.008911, -639.396423, 239.459579, -145.339454, 85.297201, 125.472142
-53.008911, -639.396423, 238.37915, -145.339454, 85.297201, 125.472142
-53.008911, -639.396423, 237.658859, -145.339454, 85.297201, 125.472142
-53.008911, -639.396423, 236.338333, -145.339454, 85.297201, 125.472142
-53.008911, -639.396423, 235.257904, -145.339454, 85.297201, 125.472142
-53.008911, -639.396423, 234.320206, -145.339454, 85.297201, 125.472142
-53.008911, -639.396423, 233.14032, -145.339396, 85.297201, 125.472142
-53.006893, -639.396423, 233.140259, -145.339396, 85.297201, 125.472199
-52.992775, -639.396484, 233.140289, -145.339396, 85.297201, 125.472199
-52.934155, -639.396423, 233.140244, -145.339454, 85.297201, 125.472142
-52.844669, -639.396423, 233.140259, -145.339454, 85.297201, 125.472142
-52.573593, -639.396423, 233.140259, -145.339454, 85.297201, 125.472142
-51.603676, -639.396423, 233.140259, -145.339454, 85.297201, 125.472142
-50.771202, -639.396423, 233.140259, -145.339454, 85.297201, 125.472142
-49.810818, -639.396423, 233.140259, -145.339454, 85.297201, 125.472142
-48.490295, -639.396423, 233.140259, -145.339454, 85.297201, 125.472142
-47.64996, -639.396423, 233.140259, -145.339454, 85.297201, 125.472142
-46.56953, -639.396423, 233.140259, -145.339454, 85.297201, 125.472142
-45.60915, -639.396423, 233.140259, -145.339454, 85.297201, 125.472142
-44.528721, -639.396423, 233.140259, -145.339454, 85.297201, 125.472142
-43.688385, -639.396423, 233.140259, -145.339454, 85.297201, 125.472142
-42.848053, -639.396423, 233.140259, -145.339454, 85.297201, 125.472142
-41.76762, -639.396423, 233.140259, -145.339454, 85.297201, 125.472142
-40.687191, -639.396423, 233.140259, -145.339454, 85.297201, 125.472142
-39.846859, -639.396423, 233.140259, -145.339454, 85.297201, 125.472142
-38.766808, -639.396423, 233.140259, -145.339454, 85.297201, 125.472142
-37.599743, -639.396423, 233.140259, -145.339454, 85.297201, 125.472142
-37.173149, -639.396423, 233.140259, -145.339454, 85.297201, 125.472142
-37.025055, -639.396423, 233.140244, -145.339396, 85.297201, 125.472142
-37.008896, -639.401184, 233.140244, -145.339339, 85.297201, 125.472199
-37.008907, -639.49585, 233.140259, -145.339396, 85.297201, 125.472199
-37.008907, -639.831543, 233.140259, -145.339396, 85.297201, 125.472199
-37.008904, -640.687317, 233.140259, -145.339396, 85.297201, 125.472199
-37.008904, -641.993713, 233.140259, -145.339396, 85.297201, 125.472199
-37.008904, -643.554138, 233.140259, -145.339396, 85.297201, 125.472199
-37.008904, -644.154297, 233.140259, -145.339396, 85.297201, 125.472199
-37.008904, -644.874451, 233.140259, -145.339396, 85.297201, 125.472199
-37.008904, -645.714722, 233.140259, -145.339396, 85.297201, 125.472199
-37.008904, -646.794983, 233.140259, -145.339396, 85.297201, 125.472199
-37.008904, -648.115356, 233.140259, -145.339396, 85.297201, 125.472199
-37.008904, -649.195679, 233.140259, -145.339396, 85.297201, 125.472199
-37.008904, -649.915833, 233.140259, -145.339396, 85.297201, 125.472199
-37.008904, -650.756104, 233.140259, -145.339396, 85.297201, 125.472199
-37.008904, -651.836365, 233.140259, -145.339396, 85.297201, 125.472199
-37.008904, -652.916687, 233.140259, -145.339396, 85.297201, 125.472199
-37.008904, -653.636902, 233.140259, -145.339396, 85.297201, 125.472199
-37.008904, -654.957214, 233.140259, -145.339396, 85.297201, 125.472199
-37.008904, -656.037537, 233.140259, -145.339396, 85.297201, 125.472199
-37.008904, -657.117859, 233.140259, -145.339396, 85.297201, 125.472199
-37.008904, -658.078064, 233.140259, -145.339396, 85.297201, 125.472199
-37.008904, -658.678284, 233.140259, -145.339396, 85.297201, 125.472199
-37.008904, -659.998596, 233.140259, -145.339396, 85.297201, 125.472199
-37.008904, -660.958862, 233.140259, -145.339396, 85.297201, 125.472199
-37.008904, -661.799133, 233.140259, -145.339396, 85.297201, 125.472199
-37.008904, -662.757874, 233.140259, -145.339396, 85.297201, 125.472199
-37.008904, -663.805786, 233.140259, -145.339396, 85.297201, 125.472199
-37.008907, -664.191345, 233.140259, -145.339396, 85.297201, 125.472199
-37.008869, -664.387024, 233.140228, -145.339282, 85.297201, 125.472314
-37.0089, -664.398438, 233.140244, -145.339396, 85.297201, 125.472199
-37.008907, -664.648621, 233.140259, -145.339396, 85.297201, 125.472199
-37.008904, -665.261902, 233.140259, -145.339396, 85.297201, 125.472199
-37.008904, -665.801208, 233.140259, -145.339396, 85.297201, 125.472199
-37.008904, -666.873657, 233.140259, -145.339396, 85.297201, 125.472199
-37.008904, -668.073975, 233.140259, -145.339396, 85.297201, 125.472199
-37.008904, -668.914185, 233.140259, -145.339396, 85.297201, 125.472199
-37.008904, -669.994507, 233.140259, -145.339396, 85.297201, 125.472199
-37.008904, -670.954773, 233.140259, -145.339396, 85.297201, 125.472199
-37.008904, -671.794983, 233.140259, -145.339396, 85.297201, 125.472199
-37.008904, -672.875305, 233.140259, -145.339396, 85.297201, 125.472199
-37.008904, -673.955566, 233.140259, -145.339396, 85.297201, 125.472199
-37.008904, -674.915833, 233.140259, -145.339396, 85.297201, 125.472199
-37.008904, -675.876099, 233.140259, -145.339396, 85.297201, 125.472199
-37.008904, -676.836365, 233.140259, -145.339396, 85.297201, 125.472199
-37.008904, -677.796631, 233.140259, -145.339396, 85.297201, 125.472199
-37.008904, -678.876953, 233.140259, -145.339396, 85.297201, 125.472199
-37.008904, -679.837219, 233.140259, -145.339396, 85.297201, 125.472199
-37.008904, -680.91748, 233.140259, -145.339396, 85.297201, 125.472199
-37.008904, -682.35791, 233.140259, -145.339396, 85.297201, 125.472199
-37.008904, -683.19812, 233.140259, -145.339396, 85.297201, 125.472199
-37.008904, -683.918335, 233.140259, -145.339396, 85.297201, 125.472199
-37.008904, -684.878601, 233.140259, -145.339396, 85.297201, 125.472199
-37.008904, -685.838867, 233.140259, -145.339396, 85.297201, 125.472199
-37.008904, -686.919128, 233.140259, -145.339396, 85.297201, 125.472199
-37.008904, -687.757874, 233.140259, -145.339396, 85.297201, 125.472199
-37.008904, -688.719238, 233.140259, -145.339396, 85.297201, 125.472199
-37.008907, -689.321655, 233.140259, -145.339396, 85.297201, 125.472199
-37.008907, -689.396301, 233.140244, -145.339396, 85.297201, 125.472199
-37.008888, -689.396423, 233.149597, -145.339396, 85.297201, 125.472199
-37.008907, -689.396423, 233.304489, -145.339396, 85.297201, 125.472199
-37.008907, -689.396423, 233.817627, -145.339396, 85.297201, 125.472199
-37.008907, -689.396423, 234.898148, -145.339396, 85.297201, 125.472199
-37.008907, -689.396423, 235.738098, -145.339396, 85.297201, 125.472199
-37.008907, -689.396423, 236.818527, -145.339396, 85.297201, 125.472199
-37.008907, -689.396423, 237.658859, -145.339396, 85.297201, 125.472199
-37.008907, -689.396423, 238.739288, -145.339396, 85.297201, 125.472199
-37.008907, -689.396423, 239.939774, -145.339396, 85.297201, 125.472199
-37.008907, -689.396423, 240.900162, -145.339396, 85.297201, 125.472199
-37.008907, -689.396423, 241.860535, -145.339396, 85.297201, 125.472199
-37.008907, -689.396423, 242.700867, -145.339396, 85.297201, 125.472199
-37.008907, -689.396423, 243.661255, -145.339396, 85.297201, 125.472199
-37.008907, -689.396423, 244.621628, -145.339396, 85.297201, 125.472199
-37.008907, -689.396423, 245.702057, -145.339396, 85.297201, 125.472199
-37.008907, -689.396423, 246.662445, -145.339396, 85.297201, 125.472199
-37.008907, -689.396423, 247.618973, -145.339396, 85.297201, 125.472199
-37.008907, -689.396423, 248.834045, -145.339396, 85.297201, 125.472199
-37.008907, -689.396423, 249.065491, -145.339396, 85.297201, 125.472199
-37.008907, -689.396423, 249.140167, -145.339396, 85.297201, 125.472199
-37.008907, -689.525513, 249.140259, -145.339396, 85.297201, 125.472199
-37.008904, -690.801208, 249.140259, -145.339396, 85.297201, 125.472199
-37.008904, -691.633606, 249.140259, -145.339396, 85.297201, 125.472199
-37.008904, -692.713867, 249.140259, -145.339396, 85.297201, 125.472199
-37.008904, -693.554138, 249.140259, -145.339396, 85.297201, 125.472199
-37.008904, -694.754456, 249.140259, -145.339396, 85.297201, 125.472199
-37.008904, -697.035095, 249.140259, -145.339396, 85.297201, 125.472199
-37.008904, -697.875305, 249.140259, -145.339396, 85.297201, 125.472199
-37.008904, -698.59552, 249.140259, -145.339396, 85.297201, 125.472199
-37.008904, -699.195679, 249.140259, -145.339396, 85.297201, 125.472199
-37.008904, -699.915833, 249.140259, -145.339396, 85.297201, 125.472199
-37.008904, -700.636047, 249.140259, -145.339396, 85.297201, 125.472199
-37.008904, -701.836365, 249.140259, -145.339396, 85.297201, 125.472199
-37.008904, -702.676636, 249.140259, -145.339396, 85.297201, 125.472199
-37.008904, -703.39679, 249.140259, -145.339396, 85.297201, 125.472199
-37.008904, -704.117004, 249.140259, -145.339396, 85.297201, 125.472199
-37.008904, -704.957214, 249.140259, -145.339396, 85.297201, 125.472199
-37.008904, -705.91748, 249.140259, -145.339396, 85.297201, 125.472199
-37.008904, -706.637695, 249.140259, -145.339396, 85.297201, 125.472199
-37.008904, -707.237854, 249.140259, -145.339396, 85.297201, 125.472199
-37.008904, -708.19812, 249.140259, -145.339396, 85.297201, 125.472199
-37.008904, -709.398438, 249.140259, -145.339396, 85.297201, 125.472199
-37.008904, -710.238708, 249.140259, -145.339396, 85.297201, 125.472199
-37.008904, -711.31897, 249.140259, -145.339396, 85.297201, 125.472199
-37.008904, -712.15918, 249.140259, -145.339396, 85.297201, 125.472199
-37.008904, -737.638977, 249.140259, -145.339396, 85.297201, 125.472199
-37.008904, -738.216797, 249.140259, -145.339396, 85.297201, 125.472199
-37.008904, -738.719238, 249.140259, -145.339396, 85.297201, 125.472199
-37.008907, -739.090332, 249.140259, -145.339396, 85.297201, 125.472199
-37.008907, -739.296936, 249.140259, -145.339396, 85.297201, 125.472199
-37.008907, -739.370789, 249.140244, -145.339396, 85.297201, 125.472199
-37.008888, -739.394348, 249.140228, -145.339339, 85.297201, 125.472257
-37.008904, -739.396301, 249.140244, -145.339396, 85.297201, 125.472199
-36.958496, -739.292786, 249.320663, -145.326963, 85.297144, 125.48383
-36.815563, -738.998413, 249.831924, -145.291726, 85.296857, 125.516776
-36.542336, -738.432617, 250.807922, -145.224576, 85.296399, 125.579457
-36.393417, -738.122498, 251.339157, -145.188193, 85.296112, 125.613491
-36.194996, -737.707275, 252.046234, -145.139835, 85.295769, 125.658697
-35.922409, -737.133362, 253.016144, -145.073716, 85.295253, 125.720462
-35.773849, -736.818848, 253.544037, -145.037791, 85.295024, 125.75398
-35.476994, -736.186584, 254.597397, -144.966401, 85.294451, 125.820672
-35.303997, -735.815796, 255.210373, -144.924976, 85.294164, 125.859404
-35.155811, -735.496887, 255.734879, -144.889625, 85.293935, 125.892407
-34.909042, -734.962952, 256.607269, -144.830954, 85.293477, 125.947181
-34.736462, -734.587524, 257.216583, -144.790102, 85.29319, 125.98534
-34.539383, -734.156738, 257.91156, -144.743635, 85.292789, 126.028713
-31.508301, -727.245178, 268.493225, -144.051616, 85.287518, 126.674437
-31.387081, -726.957397, 268.912262, -144.024859, 85.287289, 126.699475
-31.217512, -726.553284, 269.497894, -143.987502, 85.287002, 126.734311
-31.120691, -726.321777, 269.832001, -143.966246, 85.28683, 126.754078
-31.023922, -726.089844, 270.165741, -143.945046, 85.286659, 126.773902
-30.951382, -725.915588, 270.415771, -143.929175, 85.286544, 126.788685
-30.854708, -725.682861, 270.74884, -143.908033, 85.286372, 126.808394
-30.661524, -725.216064, 271.413757, -143.865978, 85.286086, 126.847585
-30.420357, -724.630127, 272.242706, -143.813667, 85.285627, 126.896343
-30.227676, -724.159363, 272.904114, -143.772128, 85.285341, 126.935133
-30.083313, -723.805115, 273.399139, -143.741073, 85.285112, 126.96401
-29.86701, -723.271973, 274.140015, -143.694721, 85.284711, 127.007211
-29.651001, -722.736572, 274.878876, -143.648713, 85.284367, 127.050125
-29.45924, -722.25885, 275.533966, -143.607975, 85.284023, 127.088055
-29.267715, -721.779358, 276.187469, -143.567524, 85.283736, 127.125756
-29.076429, -721.298157, 276.839386, -143.527245, 85.283393, 127.163284
-28.885384, -720.815186, 277.489685, -143.487196, 85.283106, 127.200584
-28.646919, -720.209106, 278.300293, -143.437463, 85.282705, 127.246936
-28.432629, -719.661316, 279.02771, -143.392944, 85.282361, 127.288361
-28.242414, -719.172546, 279.672577, -143.353639, 85.282018, 127.324973
-28.076181, -718.74353, 280.235504, -143.319434, 85.281788, 127.35683
-25.257874, -711.187988, 289.690002, -142.758565, 85.277319, 127.878851
-25.188211, -710.994324, 289.921539, -142.745158, 85.277205, 127.891342
-25.09539, -710.735718, 290.229919, -142.727339, 85.277033, 127.9079
-25.025824, -710.541565, 290.460907, -142.713989, 85.276976, 127.920334
-24.956297, -710.347107, 290.691681, -142.700697, 85.276861, 127.932709
-24.863657, -710.087524, 290.998993, -142.682992, 85.276689, 127.949153
-24.771091, -709.827515, 291.305878, -142.665402, 85.276575, 127.96554
-24.539995, -709.17572, 292.071228, -142.621514, 85.276231, 128.006334
-24.355452, -708.652527, 292.68158, -142.586678, 85.275944, 128.038707
-24.171206, -708.127625, 293.290222, -142.552071, 85.275658, 128.070907
-23.964287, -707.535278, 293.9729, -142.513339, 85.275371, 128.106889
-23.78068, -707.007019, 294.577911, -142.479191, 85.275085, 128.138688
-23.597378, -706.477173, 295.181183, -142.445215, 85.274798, 128.170258
-23.414381, -705.94574, 295.782715, -142.411467, 85.274569, 128.201598
-23.186069, -705.279175, 296.532227, -142.369584, 85.274225, 128.24056
-23.026539, -704.811157, 297.055267, -142.340421, 85.273996, 128.267603
-22.821783, -704.207642, 297.725769, -142.303236, 85.27371, 128.302153
-22.640112, -703.669495, 298.319946, -142.270348, 85.273423, 128.332691
-22.458759, -703.129761, 298.912354, -142.237747, 85.273194, 128.363001
-22.277725, -702.588501, 299.502991, -142.205317, 85.272965, 128.393138
-22.074448, -701.977722, 300.165405, -142.169049, 85.272678, 128.426828
-19.185417, -692.940308, 309.481598, -141.675274, 85.26884, 128.88508
